88 2
89 32
90 512
91 1638
84 2
85 32
86 512
87 1638
78 2
79 0
80 0
81 5
82 5
83 7
70 0
71 0
72 0
73 0
74 1
75 1
76 1
77 1
66 0
67 16416
68 512
69 1638
62 2
63 32
64 512
65 1638
58 2
59 32
60 512
61 1638
54 2
55 32
56 512
57 1638
50 0
51 32
52 -143
53 -326
24 2
25 34
26 31
27 1
28 1
29 1
30 1
31 1
32 1
33 1
34 1
35 0
36 1
37 0
38 1
39 1
40 1
41 1
42 1
43 1
44 1
45 1
46 1
47 1
48 1
49 1
20 0
21 32
22 8224
23 8192
4 0
5 1640
6 0
0 0
1 -787
2 512
3 1638
96 0
97 32
98 8224
99 8192
100 0
101 2
102 851
103 8512
104 851
105 851
106 851
107 8512
108 512
109 512
110 512
111 0
112 512
113 5121
114 16384
115 1638
116 1638
117 1638
118 1638
119 16384
122 0
123 1640
124 513
125 1638
13 0
14 5122
15 0
16 1
17 0
18 0
19 1638
10 0
11 0
12 2080
7 0
8 0
9 2080
317 0
318 0
247 16527
248 16527
251 16527
252 16527
246 16591
216 164
245 16591
249 16567
250 16567
308 0
309 16057
235 0
236 0
238 0
239 0
214 16776
240 1642
241 1642
242 1642
244 1642
205 0
310 16777
311 0
312 -1
313 0
314 0
315 16776
316 16777
120 0
121 32
201 0
221 0
222 13616
223 13616
224 13616
225 14333
226 14333
227 14333
228 21898
234 0
235 6
236 6
237 6
238 6
239 6
240 1024
241 1024
242 1024
243 1024
244 1024
245 16886
246 16886
247 16886
248 16886
249 16886
250 16886
251 16886
252 16886
215 0
216 0
217 0
218 6
219 17955
220 40
202 0
203 0
204 16776
205 0
206 16774
207 16776
208 0
209 16775
210 16776
211 69
212 69
213 0
214 16840
133 4
134 -1
135 -1
136 -1
137 -1
138 -1
139 1
140 1
141 1
142 1
143 1
144 1
145 1
146 1
147 1
148 1
149 1
150 1
151 1
152 1
153 1
154 1
155 1
156 1
157 1
158 1
159 1
160 1
161 1
162 1
163 1
164 1
165 1
166 1
167 1
168 1
169 1
170 1
171 1
172 1
173 1
174 1
175 1
176 1
177 1
178 1
179 1
180 1
181 1
182 1
183 1
184 1
185 1
186 1
187 1
188 1
189 1
190 1
191 1
192 1
193 1
194 1
195 1
196 1
197 1
198 1
199 1
200 1
253 0
254 4
255 1
256 34820
257 1975
258 0
259 0
260 0
261 4
262 64
263 68
257 1785
264 0
265 0
266 1642
267 640
260 68
268 0
269 0
260 15
270 160
271 64
263 0
272 4
280 0
281 0
271 4
263 4
272 0
260 0
282 0
273 2
271 0
263 40
272 0
260 0
284 0
285 3280
286 4
287 4
288 0
289 0
290 0
291 0
292 68
293 68
294 68
260 68
295 0
296 164
297 4
283 4
298 0
299 250
300 40
301 1028
259 0
275 0
270 0
271 4
263 0
272 0
260 0
229 0
230 0
231 0
232 1642
233 1642
283 0
259 4
274 0
271 0
270 0
275 0
276 0
277 0
278 -1
279 0
263 13
272 0
260 0
273 0
259 4
274 0
271 0
270 0
275 0
276 0
277 0
278 -1
279 0
263 13
272 0
260 0
283 0
259 4
274 0
271 0
270 0
275 0
276 0
277 0
278 -1
279 0
263 136
272 0
260 0
