8,501,20000000
8,119,0002f1096
8,502,30000000
8,750,ffffffffffffffff
8,652,00 f0 60 ff 00 0
8,480,4c544320ffff00
8,631,00010100010
8,500,100000000
8,750,ffffffffffffffff
8,501,20000000
8,119,0002f1096
8,502,30000000
8,750,ffffffffffffffff
8,655,04004d7fff7fff
8,480,4c544320ffff00
8,634,07fff00000
8,500,100000000
8,750,ffffffffffffffff
8,e5,27b2e4006a01
8,29,00000000
8,503,3244440444544
8,e9,200ff453ff0
8,658,7fff7fff7fff00
8,480,4c544320ffff00
8,635,7fffffff1100
8,500,100000000
8,750,ffffffffffffffff
8,502,20000000
8,29,00000000
8,643,ffffffffffffffff
8,750,ffffffffffffffff
8,630,01ffffdae00
8,500,00000000
8,645,00000007f
8,501,10000000
8,750,ffffffffffffffff
8,502,20000000
8,29,00000000
8,652,00f060ff000
8,e9,200ff453ff0
8,630,01ffffdae00
8,2a,0264ff06dd98
8,750,ffffffffffffffff
8,500,100000000
8,750,ffffffffffffffff
8,460,000002100
8,29,00000000
8,655,0460577fff7fff
8,2a,1100000c20
8,632,7fff7fff0110
8,480,4c544320ffff00
8,644,00000100b
8,501,10000000
8,750,ffffffffffffffff
8,502,20000000
8,2a,0264ff06dd98
8,655,0460577fff7fff
8,750,ffffffffffffffff
8,630,01ffffdad00
8,500,00000000
8,647,007fff7fff00
8,501,10000000
8,2a,1100000c20
8,502,20000000
8,29,00000000
8,655,0460577fff7fff
8,750,ffffffffffffffff
8,631,00010100010
8,500,00000000
8,646,007fff7fff00
8,501,10000000
8,750,ffffffffffffffff
8,502,20000000
8,29,00000000
8,656,03000ffff00
8,750,ffffffffffffffff
7,9cf89173,31150da3f3e69
8,500,00000000
8,648,00000000
8,501,10000000
8,750,ffffffffffffffff
8,502,20000000
8,29,00000000
8,657,ff9f7fffffff00
8,750,ffffffffffffffff
8,460,29068601800
8,500,00000000
8,648,00000000
8,501,10000000
8,750,ffffffffffffffff
8,640,003dd115056
8,29,00000000
8,658,7fff7fff7fff00
8,2a,1100000c20
8,460,000002100
8,500,00000000
8,647,007fff7fff00
8,501,10000000
8,750,ffffffffffffffff
8,502,20000000
8,29,00000000
8,657,ff9f7fffffff00
8,460,29068601800
8,635,7fffffff1100
8,500,00000000
8,647,007fff7fff00
8,501,10000000
8,460,29068601800
8,502,20000000
8,29,00000000
8,656,03000ffff00
8,460,29068601800
8,632,7fff7fff0110
8,480,4c544320ffff00
8,645,ffff000007f
8,501,10000000
2,e0,ffff
8,502,20000000
8,29,00000000
8,642,0007afec0f060
8,460,29068601800
8,658,7fff7fff7fff00
8,480,4c544320ffff00
8,750,ffffffffffffffff
8,500,100000000
8,460,1554cd4e1780
8,e5,27c2e4006a01
8,29,00000000
8,503,3244440444544
8,460,29068601800
8,631,00010100010
8,480,4c544320ffff00
8,505,041414142414141
8,500,100000000
2,e0,5fff
8,e5,27b2e4006a01
8,29,00000000
8,641,01105c00046
8,460,29068601800
8,657,ffa37fffffff00
8,480,4c544320ffff00
8,635,7fffffff1100
8,2a,0265006dd98
2,e0,fff
8,501,20000000
8,672,00000000
8,501,30000000
8,460,1554cd4e1780
8,652,00f060ff000
8,65e,7fff7fff7fff00
8,632,7fff7fff0110
8,460,29068601800
8,505,141414242424241
8,e5,136367facc00
8,119,000301096
8,502,30000000
8,750,ffffffffffffffff
8,503,4444400000
8,480,4c544320ffff00
8,633,101f010000
8,500,100000000
2,e0,6fff
8,501,20000000
8,670,1d0000000
8,501,30000000
7,9cf89fda,21060183f3e63
8,642,0007afec0f060
8,65c,ffff000000
8,631,00010100010
8,460,29068601800
8,750,ffffffffffffffff
8,e5,137367ea9c00
8,672,00000000
8,501,30000000
8,750,ffffffffffffffff
8,652,00f060ff000
8,65e,7fff7fff7fff00
8,504,11000001
8,460,29068601800
8,505,141414242424241
8,e5,136367faabf0
8,118,0901a1b1900
8,502,30000000
8,750,ffffffffffffffff
8,503,4444400000
8,480,4c544320ffff00
8,7f5,0ff00000ff
8,500,100000000
8,505,141414242424241
8,501,20000000
8,29,00000000
8,640,003dc115056
8,750,ffffffffffffffff
8,657,ffa37fffffff00
8,480,4c544320ffff00
8,636,ffffffff7fffffff
8,460,29068601800
8,505,141414242414241
8,501,20000000
8,29,00000000
8,655,04b0527fff7fff
8,2a,0264ff06dd98
8,632,7fff7fff0110
8,480,4c544320ffff00
8,505,041414141414141
8,460,29068601800
8,505,141414242424241
8,501,20000000
8,29,00000000
8,657,ffa37fffffff00
8,750,ffffffffffffffff
8,634,07fff00000
8,480,4c544320ffff00
8,647,007fff7fff00
8,501,10000000
8,505,141414242414241
8,502,20000000
8,29,00000000
8,658,7fff7fff7fff00
8,750,ffffffffffffffff
7,9cf8024a,31150da3f3e71
8,500,00000000
8,670,1d0000000
8,460,29068601800
8,505,142414242424241
8,641,01105c00046
8,29,00000000
8,630,01ffffdad00
8,750,ffffffffffffffff
8,636,ffffffff7fffffff
8,500,00000000
8,118,0901a1b1900
8,460,000002100
8,505,141414242424141
8,652,00f060ff000
8,29,00000000
8,630,01ffffdae00
8,750,ffffffffffffffff
8,750,ffffffffffffffff
8,500,00000000
8,672,00000000
8,501,10000000
8,505,142414242424241
8,652,00f060ff000
8,29,00000000
8,e9,200ff453ff0
8,2a,0264ff06dd98
8,750,ffffffffffffffff
8,500,00000000
8,672,00000000
8,501,10000000
8,505,142414242424241
8,643,ffffffffffffffff
8,29,00000000
8,630,01ffffdae00
8,750,ffffffffffffffff
8,750,ffffffffffffffff
8,500,00000000
8,118,0901a1b1900
8,641,01105c00046
8,505,142414242424241
8,656,02f00ffff00
8,29,00000000
8,631,00010100010
8,2a,1100000c20
8,750,ffffffffffffffff
8,500,00000000
8,119,000301096
8,641,01105c00046
8,505,141414242424241
8,503,244444454344
8,2a,0264ff06dd98
8,632,7fff7fff0110
8,500,400000000
8,750,ffffffffffffffff
8,501,00000000
8,29,00000000
8,642,0007afec0f060
8,2a,1100000c20
8,658,7fff7fff7fff00
8,29,00000000
8,460,1554cd4e177f
2,e0,afff
8,750,ffffffffffffffff
8,500,00000000
8,670,1d0000000
8,501,10000000
8,505,142414242424241
8,652,00f060ff000
8,29,00000000
8,632,7fff7fff0110
2,e0,5fff
8,2a,1100000c20
8,480,4c544320ffff00
8,646,007fff7fff00
8,500,100000000
8,505,141414242424241
8,642,0007afec0f060
8,29,00000000
8,630,01ffffdae00
2,e0,fff
8,636,ffffffff7fffffff
8,480,4c544320ffff00
8,505,041414141414141
8,500,100000000
8,505,141414242414241
8,642,0007afec0f060
8,29,00000000
8,658,7fff7fff7fff00
2,e0,bfff
7,9cf872ad,31150da3f3e76
8,480,4c544320ffff00
8,647,007fff7fff00
8,500,100000000
8,505,141414242424241
8,641,01105c00046
8,29,00000000
8,503,3244440444544
2,e0,6fff
8,635,7fffffff1100
8,480,4c544320ffff00
8,644,00000100e
8,500,100000000
8,2a,1100000c20
8,501,20000000
8,460,29068601800
8,652,00f060ff000
8,750,ffffffffffffffff
8,e9,3636441002a78
8,480,4c544320ffff00
8,645,00000007f
8,500,100000000
8,505,141414242424141
8,501,20000000
8,460,29068601800
8,656,03000ffff00
2,e0,cfff
8,631,00010100010
8,480,4c544320ffff00
8,750,ffffffffffffffff
8,2a,1100000c20
8,505,141414242424241
8,501,20000000
8,29,00000000
8,643,ffffffffffffffff
2,e0,7fff
8,631,00010100010
8,65f,000594b000
8,635,7fffffff1100
8,505,041414142414141
8,505,141414242414141
8,e5,137367facc20
8,29,00000000
8,642,0007afec0f060
2,e0,2fff
8,659,ffffffff0000
8,460,000002100
8,633,101f010000
8,505,041414142414141
8,e9,07bffff2ffe390
8,460,29068601800
8,118,0901a1b1900
8,501,30000000
2,e0,dfff
8,657,ffa27fffffff00
8,65c,ffff000000
8,631,00010100010
8,505,041414142414141
8,750,ffffffffffffffff
8,e5,137367faabf0
8,671,f060fb500100
8,501,30000000
2,e0,8fff
8,655,04504d7fff7fff
8,65a,00004000
8,659,ffffffff0000
8,505,041414142414141
8,750,ffffffffffffffff
8,460,29068601800
8,671,f060fb500100
8,500,301f6f009a820
2,e0,3fff
8,643,ffffffffffffffff
8,651,ff0ffff303effff
8,659,ffffffff0000
8,2a,1100000c20
8,504,411010110
8,460,000002100
8,505,2414100000
8,500,301f6f009a820
8,504,c01111100
8,642,0007afec0f060
8,65a,00004000
8,630,01ffffdae00
8,505,041414142414141
8,636,ffffffff7fffffff
8,29,00000000
8,670,1d0000000
8,500,301f6f009a820
2,e0,9fff
8,643,ffffffffffffffff
8,650,96ffffffff00
8,658,7fff7fff7fff00
8,505,041414142414141
8,635,7fffffff1100
8,29,00000000
8,505,2414100000
8,500,301f6f009a820
2,e0,4fff
8,641,01105c00046
8,64e,000120000
8,656,03000ffff00
8,505,041414142414141
8,631,00010100010
8,29,00000000
8,644,00000100b
8,500,301f6f009a820
2,e0,ffff
8,501,40100000
8,64a,303a0038a43dd
8,642,0007afec0f060
8,505,041414142414141
8,657,ffa37fffffff00
8,29,00000000
8,504,811001011
8,505,2414100000
8,750,ffffffffffffffff
8,500,400000000
8,64b,00000000
8,652,00f060ff000
8,505,041414142414141
8,657,ffa07fffffff00
8,29,00000000
8,750,ffffffffffffffff
8,2a,0264ff06dd98
2,e0,5fff
8,500,400000000
8,29,00000000
8,640,003dc115056
8,505,041414142414141
8,502,10000000
8,29,00000000
8,632,7fff7fff0110
8,505,2414100000
8,636,ffffffff7fffffff
8,29,00000000
3,11a,000
8,501,00000000
8,505,041414142414141
8,643,ffffffffffffffff
8,29,00000000
8,e5,27b2e4006a01
8,505,2414100000
8,634,07fff00000
8,29,00000000
8,671,f060fb500100
8,500,00000000
8,505,041414142414141
8,642,0007afec0f060
8,29,00000000
8,630,01ffffdaf00
8,505,2414100000
8,460,29068601800
8,29,00000000
8,670,1d0000000
8,500,00000000
8,505,041414142414141
8,641,01105c00046
8,29,00000000
8,e9,1fefefefefefdfe
8,505,2414100000
8,634,07fff00000
8,2a,1100000c20
8,670,1d0000000
8,500,00000000
8,505,041414142414141
8,640,003dd115056
8,29,00000000
8,658,7fff7fff7fff00
8,2a,0265006dd98
8,635,7fffffff1100
8,29,00000000
8,647,007fff7fff00
8,500,00000000
8,505,041414142414141
8,640,003dd116056
8,2a,1100000c20
8,658,7fff7fff7fff00
8,505,2414100000
8,634,07fff00000
8,29,00000000
8,648,00000000
8,500,00000000
8,2a,0265006dd98
8,501,10000000
8,29,00000000
8,656,03000ffff00
8,460,29068601800
8,631,00010100010
7,9cf8f0ad,3fd983f3e82
8,644,000001007
8,460,29068601800
8,460,000002100
8,500,100000000
8,29,00000000
8,656,02f00ffff00
8,460,29068601800
8,631,00010100010
8,29,00000000
8,645,00000007f
8,2a,0265006dd98
8,504,11000001
8,500,100000000
8,29,00000000
8,642,0007afec0f060
8,460,29068601800
8,658,7fff7fff7fff00
8,2a,1100000c20
8,636,ffffffff7fffffff
8,460,29068601800
8,504,11000001
8,500,100000000
8,29,00000000
8,643,ffffffffffffffff
8,460,29068601800
8,659,ffffffff0000
8,29,00000000
8,750,ffffffffffffffff
8,460,29068601800
8,504,11000001
8,500,100000000
8,29,00000000
8,652,00f060ff000
8,460,000002100
8,658,7fff7fff7fff00
8,29,00000000
8,636,ffffffff7fffffff
8,460,29068601800
8,504,11000001
8,500,100000000
8,29,00000000
8,643,ffffffffffffffff
8,505,2414100000
8,658,7fff7fff7fff00
8,29,00000000
8,636,ffffffff7fffffff
8,460,29068601800
8,504,11000001
8,500,100000000
8,29,00000000
8,643,ffffffffffffffff
8,505,2414100000
8,659,ffffffff0000
8,29,00000000
8,750,ffffffffffffffff
8,460,29068601800
8,504,11000001
8,500,100000000
8,29,00000000
8,643,ffffffffffffffff
8,505,2414100000
8,659,ffffffff0000
8,29,00000000
8,644,000001007
8,460,29068601800
8,504,11000001
8,2a,0265006dd98
8,29,00000000
8,642,0007afec0f060
8,505,2414100000
8,658,7fff7fff7fff00
8,29,00000000
8,750,ffffffffffffffff
8,460,000002100
8,504,11000001
8,500,100000000
8,29,00000000
8,643,ffffffffffffffff
8,505,2414100000
8,658,7fff7fff7fff00
8,29,00000000
8,636,ffffffff7fffffff
8,750,ffffffffffffffff
8,504,11000001
8,500,100000000
8,29,00000000
8,652,00f060ff000
8,505,2414100000
8,659,ffffffff0000
8,29,00000000
8,635,7fffffff1100
8,750,ffffffffffffffff
8,504,11000001
8,500,100000000
8,29,00000000
8,501,20000000
8,505,2414100000
8,502,30000000
8,29,00000000
8,503,4444400000
8,2a,0264ff06dd98
8,504,11000001
8,29,00000000
8,505,141414242424242
8,460,000002100
8,505,2414100000
8,e9,200ff453ff0
8,29,00000000
8,630,01ffffdae00
8,750,ffffffffffffffff
8,750,ffffffffffffffff
8,2a,0264ff06dd98
8,505,142414242424241
8,640,003dc115056
8,505,2414100000
8,657,ff9f7fffffff00
8,29,00000000
8,632,7fff7fff0110
8,2a,1100000c20
8,504,11000001
8,29,00000000
8,505,142414242424242
8,e5,27d2e4006a01
8,505,2414100000
8,e9,200ff453ff0
8,2a,0264ff06dd98
8,631,00010100010
8,750,ffffffffffffffff
8,750,ffffffffffffffff
8,29,00000000
8,119,000311096
8,642,0007afec0f060
8,2a,1100000c20
8,658,7fff7fff7fff00
8,29,00000000
8,503,4454400000
8,750,ffffffffffffffff
8,504,11000001
8,29,00000000
8,505,142414242424241
8,641,01105c00046
8,505,2414100000
8,658,7fff7fff7fff00
8,29,00000000
8,503,4444400000
8,750,ffffffffffffffff
8,2a,1100000c20
8,29,00000000
8,119,000311096
8,642,0007afec0f060
8,505,2414100000
8,658,7fff7fff7fff00
8,29,00000000
8,460,000002100
8,750,ffffffffffffffff
8,503,0454500121112
8,2a,0264ff06dd98
8,119,0002f1096
8,643,ffffffffffffffff
8,505,2414100000
8,502,30000000
8,29,00000000
8,503,4454400000
8,2a,1100000c20
8,504,11000001
8,29,00000000
8,505,142414242424242
8,640,003dc115056
8,505,2414100000
8,658,7fff7fff7fff00
8,29,00000000
8,635,7fffffff1100
8,750,ffffffffffffffff
8,503,0444500121112
8,29,00000000
8,119,0002f1096
8,642,0007afec0f060
8,505,2414100000
8,658,7fff7fff7fff00
8,29,00000000
8,636,ffffffff7fffffff
8,750,ffffffffffffffff
8,504,11000001
8,29,00000000
8,505,142414242424241
8,643,ffffffffffffffff
8,505,2414100000
8,502,30000000
8,29,00000000
8,750,ffffffffffffffff
8,750,ffffffffffffffff
8,504,11000001
8,500,100000000
8,460,29068601800
8,655,03c04d7fff7fff
8,505,2414100000
8,631,00010100010
8,460,29068601800
8,750,ffffffffffffffff
8,503,4444400000
8,504,11000001
8,500,100000000
8,460,1554dd4e1780
8,501,20000000
8,505,2414100000
8,631,00010100010
8,460,29068601800
8,645,00000007f
8,2a,1100000c20
2,e0,4fff
7,9cf8e228,2201e13f3e84
8,29,00000000
8,642,0007afec0f060
8,505,2414100000
8,658,7fff7fff7fff00
8,460,29068601800
8,636,ffffffff7fffffff
8,503,4454400000
2,e0,ffff
8,2a,1100000c20
8,29,00000000
8,640,003dd115056
8,505,2414100000
8,e9,200ff453ff0
8,460,1554dd4e177f
8,632,7fff7fff0110
8,2a,0265206dd98
8,503,0454500121112
8,460,29068601800
8,119,000301096
8,640,003dd115056
8,505,2414100000
8,656,03000ffff00
8,29,00000000
8,633,101f010000
8,503,4454400000
8,503,0444500121112
8,460,29068601800
8,119,000301096
8,e5,27c2e4006a01
8,505,2414100000
8,501,30000000
8,29,00000000
8,502,40000000
8,503,4454400000
8,503,0444500121112
8,460,29068601800
8,504,411010110
8,e5,27c2e4006a01
8,505,2414100000
8,652,00f060ff000
8,29,00000000
8,630,01ffffdad00
8,503,4454400000
8,750,ffffffffffffffff
8,460,29068601800
8,504,411010110
8,2a,0265206dd98
8,505,2414100000
8,652,00f060ff000
8,29,00000000
8,630,01ffffdae00
8,503,4454400000
8,750,ffffffffffffffff
8,2a,1100000c20
8,672,00000000
8,e5,137367fa9c20
8,505,2414100000
8,643,ffffffffffffffff
8,29,00000000
8,630,01ffffdae00
8,2a,0265206dd98
8,750,ffffffffffffffff
8,505,041414142414141
8,504,411010110
8,e5,137367faac00
8,505,2414100000
8,652,00f060ff000
8,2a,1100000c20
8,631,00010100010
8,503,4454400000
8,750,ffffffffffffffff
8,505,041414142414141
8,672,00000000
8,e5,136367facc10
8,505,2414100000
8,e9,200ff453ff0
8,29,00000000
8,631,00010100010
8,503,4454400000
8,635,7fffffff1100
8,505,041414142414141
8,671,f060fb500100
8,e5,137367fa9c00
8,505,2424100000
8,642,0007afec0f060
8,29,00000000
8,632,7fff7fff0110
8,750,ffffffffffffffff
8,503,0444500121112
8,505,041414142414141
8,7f5,0ff00000ff
8,641,01105c00046
8,505,2414100000
8,501,30000000
8,29,00000000
8,632,7fff7fff0110
8,750,ffffffffffffffff
8,503,0444500121112
8,2a,1100000c20
8,29,00000000
8,641,01105c00046
8,505,2414100000
8,501,30000000
8,29,00000000
8,502,40000000
8,2a,0265206dd98
8,750,ffffffffffffffff
8,505,041414142414141
8,504,411010110
8,e5,137367fa9c00
8,505,2414100000
8,656,03000ffff00
8,29,00000000
8,633,101f010000
8,503,4454400000
8,750,ffffffffffffffff
8,505,041414142414141
8,119,000311096
8,640,003dd115056
8,505,2414100000
8,501,30000000
8,29,00000000
8,634,07fff00000
8,503,4454400000
8,503,0444500121112
8,505,041414142414141
8,504,411010110
8,640,003dc115056
8,505,2414100000
8,657,ffa37fffffff00
8,29,00000000
8,634,07fff00000
8,e9,3636441002a94
8,503,0454500121112
8,505,041414142414141
8,7f5,0ff00000ff
8,e5,27d2e4006a01
8,505,2414100000
8,501,30000000
8,29,00000000
8,634,07fff00000
8,e9,3636441002a95
8,460,000002100
8,505,041414142414141
8,504,411010110
8,640,003dd115056
8,505,2414100000
8,656,03000ffff00
8,29,00000000
8,502,40000000
8,460,29068601800
8,750,ffffffffffffffff
8,505,041414142414141
3,11a,000
8,641,01105c00046
8,505,2414100000
8,652,00f060ff000
8,29,00000000
8,632,7fff7fff0110
8,460,29068601800
8,750,ffffffffffffffff
8,2a,0265206dd98
8,118,0901a1b1900
8,e5,136367eaabf0
8,505,2414100000
8,652,00f060ff000
8,29,00000000
8,632,7fff7fff0110
8,2a,1100000c20
8,750,ffffffffffffffff
8,505,041414142414141
8,118,0901a1b1900
8,640,003dc115056
8,505,2414100000
8,656,03000ffff00
8,2a,0265206dd98
8,633,101f010000
8,460,29068601800
8,750,ffffffffffffffff
8,505,041414142414141
8,504,411010110
8,641,01105c00046
8,460,1554cd4e1780
8,657,ffa37fffffff00
8,7f5,0ff00000ff
8,502,40000000
8,460,29068601800
8,503,0444500121112
8,505,041414142414141
8,29,00000000
8,e9,1fefefefdfefefe
8,505,2414100000
8,659,ffffffff0000
8,29,00000000
8,636,ffffffff7fffffff
8,460,29068601800
8,503,0444500121112
8,505,041414142414141
8,7f5,0ff00000ff
8,652,00f060ff000
2,e0,bfff
8,631,00010100010
8,29,00000000
8,2a,0265306dd98
8,460,29068601800
8,750,ffffffffffffffff
8,2a,0265306dd98
8,7f5,0ff00000ff
8,e9,1fefefefefefefe
8,505,2414100000
8,658,7fff7fff7fff00
8,7f5,0ff00000ff
8,635,7fffffff1100
8,460,29068601800
8,503,0444500121112
8,505,041414142424141
8,7f5,0ff00000ff
8,643,ffffffffffffffff
2,e0,1ffe
8,631,00010100010
8,7f5,0ff00000ff
8,635,7fffffff1100
8,460,29068601800
8,503,0454500121112
8,505,041414142424141
8,7f5,0ff00000ff
8,642,0007afec0f060
2,e0,cfff
8,e9,200ff453ff0
8,7f5,0ff00000ff
8,632,7fff7fff0110
8,503,4454500000
8,502,00000000
8,505,041414142424141
8,118,0901a1b1900
8,e5,136367fabbf0
8,505,2424100000
8,e9,200ff453ff0
8,7f5,0ff00000ff
8,633,101f010000
8,503,4444400000
8,750,ffffffffffffffff
8,505,041414142414141
8,29,00000000
8,e9,1fefefefefefefd
8,505,2414100000
8,657,ffa37fffffff00
8,7f5,0ff00000ff
8,633,101f010000
8,503,4444400000
8,503,0444500121112
8,505,041414142414141
8,7f5,0ff00000ff
8,642,0007afec0f060
8,505,2414100000
8,630,01ffffdae00
8,7f5,0ff00000ff
8,750,ffffffffffffffff
8,2a,1100000c20
8,503,0444500121112
8,505,041414142414141
8,7f5,0ff00000ff
8,652,00f060ff000
8,505,2414100000
8,632,7fff7fff0110
8,29,00000000
8,636,ffffffff7fffffff
8,503,4454400000
8,503,0454500121112
8,2a,1100000c20
8,29,00000000
8,643,ffffffffffffffff
8,505,2414100000
8,632,7fff7fff0110
8,29,00000000
8,750,ffffffffffffffff
8,2a,0265206dd98
8,503,0454500121112
8,e9,07bffff2ffe3a0
8,29,00000000
8,e5,27c2f4006a01
8,505,2414100000
8,633,101f010000
8,2a,1100000c20
8,750,ffffffffffffffff
8,503,4444400000
8,503,0444500121112
8,640,003dd115056
8,7f5,0ff00000ff
8,e5,27c2e4006a01
8,505,2414100000
8,633,101f010000
8,7f5,0ff00000ff
8,644,000001007
8,503,4454400000
8,503,0444500121112
8,e9,07bffff2ffe3a0
8,7f5,0ff00000ff
8,658,7fff7fff7fff00
8,505,2414100000
8,635,7fffffff1100
8,29,00000000
8,645,00000007f
8,503,4454400000
8,503,0444500121112
8,640,003dd116056
8,7f5,0ff00000ff
8,658,7fff7fff7fff00
8,505,2414100000
8,635,7fffffff1100
8,29,00000000
8,645,00000007f
8,503,4454400000
8,503,0454500121112
8,641,01105c00046
8,7f5,0ff00000ff
8,e5,27b2e4006a01
8,505,2424100000
8,634,07fff00000
8,29,00000000
8,645,00000007f
8,2a,0265206dd98
8,503,0444500121112
8,640,003dd115056
8,7f5,0ff00000ff
8,2a,1100000c20
8,505,2414100000
8,633,101f010000
8,7f5,0ff00000ff
8,646,007fff7fff00
8,2a,1100000c20
8,119,000301096
8,640,003dd115056
8,504,411010110
8,658,7fff7fff7fff00
8,505,2414100000
8,634,07fff00000
8,2a,0265206dd98
8,502,40000000
8,480,4c544320ffff00
8,119,0002f1096
8,640,003dc115056
8,504,411010110
8,658,7fff7fff7fff00
8,505,2424100000
8,634,07fff00000
8,504,c01111100
8,502,40000000
8,480,4c544320ffff00
8,29,00000000
8,640,003dd115056
8,504,411010110
8,657,ffa77fffffff00
8,505,2414100000
8,633,101f010000
8,504,c01111100
8,502,40000000
8,480,4c544320ffff00
3,11a,000
8,e9,07bffff2ffe3a0
8,503,1444444045444
8,643,ffffffffffffffff
8,505,2414100000
8,631,00010100010
8,504,c01111100
8,750,ffffffffffffffff
8,480,4c544320ffff00
8,503,0454500121112
8,e9,07bffff2ffe3a0
8,504,411010110
8,658,7fff7fff7fff00
8,460,29068601800
8,635,7fffffff1100
8,504,c01111100
8,502,40000000
8,2a,1100000c20
8,29,00000000
8,640,003dd115055
8,504,411010110
8,657,ffa77fffffff00
8,460,29068601800
8,634,07fff00000
8,2a,0265206dd98
8,502,40000000
8,480,4c544320ffff00
3,11a,000
8,640,003dd115056
8,504,411010110
8,643,ffffffffffffffff
8,505,2414100000
8,631,00010100010
8,504,c01111100
8,750,ffffffffffffffff
8,460,29068601800
8,119,000301096
8,e9,07bffff2ffe3a0
8,504,411010110
8,655,0450527fff7fff
8,505,2414100000
8,633,101f010000
8,504,c01111100
8,750,ffffffffffffffff
8,460,29068601800
8,503,0454500121112
8,e9,07bffff2ffe3a0
8,504,411010110
8,657,ffa67fffffff00
8,505,2414100000
8,635,7fffffff1100
8,504,c01111100
8,502,40000000
8,460,29068601800
8,29,00000000
8,640,003dd115056
8,504,411010110
2,e0,3fff
8,505,2414200000
8,631,00010100010
8,504,c01111100
8,750,ffffffffffffffff
8,480,4c544320ffff00
8,118,0901a1b1900
8,e9,07bffff2ffe3a0
8,503,1444444045444
2,e0,efff
8,505,2424100000
8,659,ffffffff0000
8,504,c01111100
8,636,ffffffff7fffffff
8,480,4c544320ffff00
8,671,f060fb500100
8,505,041414142424141
8,503,1444444045444
2,e0,9fff
8,505,2414100000
8,500,301f70009a820
8,504,c01111100
8,501,40000000
8,480,4c544320ffff00
8,502,00000000
8,505,041424142424141
8,503,1444444045444
8,641,01105c00046
8,7f5,0ff00000ff
8,630,01ffffdad00
8,504,c01111100
8,635,7fffffff1100
8,480,4c544320ffff00
8,670,1d0000000
8,505,041424142424141
8,503,1444444045444
8,460,15550d4e177f
8,7f5,0ff00000ff
8,632,7fff7fff0110
8,504,c01111100
8,636,ffffffff7fffffff
8,480,4c544320ffff00
3,11a,000
8,e9,07bffff2ffe3a0
8,503,1444444045444
8,e5,137367fa9c10
8,7f5,0ff00000ff
8,631,00010100010
8,504,c01111100
8,635,7fffffff1100
8,480,4c544320ffff00
8,118,0901a1b1900
8,505,041414142424141
8,503,1444444045444
8,652,00f060ff000
8,505,2424100000
8,633,101f010000
8,504,c01111100
8,750,ffffffffffffffff
8,480,4c544320ffff00
8,29,00000000
8,640,003dd115056
8,504,411010110
8,657,ffa37fffffff00
8,505,2414100000
8,634,07fff00000
8,504,c01111100
8,750,ffffffffffffffff
8,2a,0265306dd98
8,503,0444500121112
8,640,003dc115056
8,504,411010110
8,658,7fff7fff7fff00
8,505,2424100000
8,501,30000000
8,2a,1100000c20
8,502,40000000
8,480,4c544320ffff00
8,503,0444500121112
8,641,01105c00046
8,504,411010110
8,659,ffffffff0000
8,505,2414100000
8,750,ffffffffffffffff
8,504,c01111100
8,502,40000000
8,480,4c544320ffff00
8,503,0444500121112
8,643,ffffffffffffffff
8,504,411010110
8,631,00010100010
8,505,2414100000
8,644,000001007
8,504,c01111100
8,460,29068601800
8,480,4c544320ffff00
8,503,0454500121112
8,652,00f060ff000
8,504,411010110
8,632,7fff7fff0110
8,505,2414100000
8,645,00000007f
8,504,c01111100
8,460,1554dd4e1780
8,480,4c544320ffff00
8,503,0454500121112
8,655,04604d7fff7fff
8,504,411010110
8,634,07fff00000
8,505,2424100000
8,646,007fff7fff00
8,504,c01111100
8,460,000002100
8,480,4c544320ffff00
8,503,0454500121112
8,657,ffa37fffffff00
8,505,142414242424242
8,635,7fffffff1100
8,505,2414100000
8,671,f060fb500100
8,504,c01111100
8,503,4454400000
8,641,01105c00046
8,7f5,0ff00000ff
8,659,ffffffff0000
8,505,142414242424242
8,636,ffffffff7fffffff
8,505,2414100000
8,502,30000000
8,504,c01111100
8,503,4454500000
8,642,0007afec0f060
8,7f5,0ff00000ff
8,630,01ffffdad00
8,505,142414242424242
8,750,ffffffffffffffff
8,505,2414100000
8,118,0901a1b1900
8,2a,0265306dd98
2,e0,dfff
8,652,00f060ff000
8,503,0454500121112
8,658,7fff7fff7fff00
8,505,142414242424242
8,750,ffffffffffffffff
8,2a,1100000c20
8,502,30000000
8,460,29068601800
8,503,4454500000
8,643,ffffffffffffffff
8,7f5,0ff00000ff
8,632,7fff7fff0110
8,2a,0265206dd98
8,501,20000000
8,505,2414100000
8,502,30000000
8,460,29068601800
8,503,4454500000
8,643,ffffffffffffffff
8,7f5,0ff00000ff
8,631,00010100010
8,460,29068601800
8,501,20000000
8,505,2424100000
8,502,30000000
8,460,29068601800
8,503,4454500000
8,643,ffffffffffffffff
8,7f5,0ff00000ff
8,e9,07bffff2ffe390
8,505,142414242424242
8,501,20000000
8,505,2424100000
8,118,0901a1b1900
8,460,29068601800
8,503,4454500000
8,655,0450477fff7fff
8,7f5,0ff00000ff
8,633,101f010000
8,505,142414242424242
8,e9,1fefefefdfefefe
8,505,2424200000
8,119,000301096
8,460,29068601800
8,503,4454500000
8,656,03100ffff00
8,7f5,0ff00000ff
8,634,07fff00000
8,505,142414242424242
8,501,20000000
8,505,2424100000
3,11a,000
8,e9,3636441002aaf
8,503,4454400000
8,643,ffffffffffffffff
8,7f5,0ff00000ff
8,631,00010100010
8,505,142414242424241
8,750,ffffffffffffffff
8,505,2424200000
8,502,30000000
8,e9,3636441002aaf
8,503,4454500000
8,655,03c04d7fff7fff
8,7f5,0ff00000ff
8,633,101f010000
8,505,142414242424242
8,501,20000000
8,505,2424100000
3,11a,000
8,460,15550d4e1780
8,502,40000000
8,643,ffffffffffffffff
8,503,0454500121112
8,659,ffffffff0000
8,505,142414242424242
8,750,ffffffffffffffff
8,505,2424100000
8,671,f060fb500100
8,e9,3636441002ab0
8,503,4454400000
8,657,ff9f7fffffff00
8,7f5,0ff00000ff
8,632,7fff7fff0110
8,505,142414242424242
8,501,20000000
8,505,2414200000
8,119,0002f1096
8,640,003dc116056
8,503,4454500000
8,658,7fff7fff7fff00
8,7f5,0ff00000ff
8,500,100000000
8,505,142414242424242
8,501,20000000
8,505,2424200000
8,119,0002f1096
8,e9,3636441002ab1
8,503,4454500000
8,657,ff9f7fffffff00
8,7f5,0ff00000ff
8,500,100000000
8,505,142414242414242
8,501,20000000
8,505,2424100000
8,119,000301096
8,2a,1100000c20
8,503,4454500000
8,658,7fff7fff7fff00
8,7f5,0ff00000ff
8,460,29068601800
8,505,142414242424242
8,501,20000000
8,2a,0265306dd98
8,119,000301096
8,e9,3636441002ab2
8,503,4454500000
8,658,7fff7fff7fff00
8,7f5,0ff00000ff
8,500,100000000
8,2a,1100000c20
8,501,20000000
8,505,2424100000
8,118,0901a1b1900
8,e9,3636441002ab3
8,503,4454500000
8,658,7fff7fff7fff00
8,7f5,0ff00000ff
8,500,100000000
8,505,142414242424242
8,501,20000000
8,505,2424100000
8,119,000301096
8,e9,3636441002ab3
8,503,4454500000
8,658,7fff7fff7fff00
8,7f5,0ff00000ff
8,500,100000000
8,505,142414242424242
8,501,20000000
8,505,2424100000
8,29,00000000
8,641,01105c00046
8,503,4454500000
8,658,7fff7fff7fff00
8,7f5,0ff00000ff
8,636,ffffffff7fffffff
8,505,142414242424242
8,501,20000000
8,e9,200ff453ff0
8,502,30000000
8,642,0007afec0f060
8,503,4454500000
8,630,01ffffdaf00
8,7f5,0ff00000ff
8,750,ffffffffffffffff
8,505,142414242424242
8,501,20000000
8,e9,200ff453ff0
8,460,29068601800
8,652,00f060ff000
8,503,4454500000
8,631,00010100010
8,7f5,0ff00000ff
8,644,00000100b
2,e0,8fff
8,501,20000000
8,505,2424200000
8,119,0002f1096
8,e9,3636441002ab5
8,502,40000000
8,656,03000ffff00
8,504,11000001
8,633,101f010000
8,505,142414242424242
8,750,ffffffffffffffff
8,505,2424200000
8,29,00000000
8,e9,3636441002ab6
8,503,4444500000
8,655,04004d7fff7fff
8,504,11000001
8,634,07fff00000
2,e0,efff
8,750,ffffffffffffffff
8,505,2424100000
8,2a,0265306dd98
8,e9,3636441002ab6
8,502,40000000
8,643,ffffffffffffffff
8,503,0454500121112
8,631,00010100010
8,504,411010110
8,2a,1100000c20
8,505,2424200000
8,672,00000000
8,e9,3636441002ab7
8,502,40000000
8,642,0007afec0f060
8,503,0454500121112
8,630,01ffffdad00
2,e0,4fff
8,750,ffffffffffffffff
8,505,2424200000
8,670,1d0000000
8,504,c01111100
8,502,40000000
8,640,003dd115055
8,503,0454500121112
8,657,ffa37fffffff00
8,504,411010110
8,636,ffffffff7fffffff
8,460,29068601800
8,501,30000000
8,e9,3636441002ab8
8,502,40000000
8,640,003dc115056
8,503,0454500121112
8,658,7fff7fff7fff00
2,e0,afff
8,e5,137367fabc00
8,505,2424200000
8,646,007fff7fff00
8,504,c01111100
8,501,40000000
8,460,29068601800
8,502,00000000
8,652,00f060ff000
8,503,1454444045444
8,e5,137367faac00
8,7f5,0ff00000ff
8,644,00000100b
8,504,c01111100
8,501,40000000
8,460,29068601800
8,502,00000000
8,643,ffffffffffffffff
8,503,1454444045444
8,630,01ffffdad00
8,7f5,0ff00000ff
8,644,00000100b
8,504,c01111100
8,501,40000000
8,460,29068601800
8,502,00000000
8,642,0007afec0f060
8,503,1444444045444
8,630,01ffffdad00
8,7f5,0ff00000ff
8,644,000001007
8,504,c01111100
8,501,40000000
8,7f5,0ff00000ff
8,502,00000000
8,641,01105c00046
8,503,1444444045444
8,658,7fff7fff7fff00
8,7f5,0ff00000ff
8,750,ffffffffffffffff
8,504,c01111100
8,501,40000000
8,7f5,0ff00000ff
8,502,00000000
8,642,0007afec0f060
8,503,1444444045444
8,657,ff9f7fffffff00
8,7f5,0ff00000ff
8,500,301f70009a820
8,504,c01111100
8,501,40000000
8,7f5,0ff00000ff
8,502,00000000
8,641,01105c00046
8,503,1444444045444
8,657,ff9f7fffffff00
8,7f5,0ff00000ff
8,750,ffffffffffffffff
8,504,c01111100
8,501,40000000
8,7f5,0ff00000ff
8,502,00000000
8,643,ffffffffffffffff
8,503,1444444045444
8,460,29068601800
8,7f5,0ff00000ff
8,500,301f70009a820
8,504,c01111100
8,501,40000000
8,7f5,0ff00000ff
8,502,00000000
8,643,ffffffffffffffff
8,503,1454444045444
8,631,00010100010
8,7f5,0ff00000ff
8,500,301f70009a820
8,504,c01111100
8,501,40000000
8,2a,1100000c20
8,502,00000000
8,652,00f060ff000
8,503,1444444045444
8,631,00010100010
8,7f5,0ff00000ff
8,500,301f70009a820
8,2a,0265306dd98
8,501,40000000
8,7f5,0ff00000ff
8,502,00000000
8,643,ffffffffffffffff
8,503,1454444045444
8,631,00010100010
8,7f5,0ff00000ff
8,645,00000007f
8,504,c01111100
8,501,40000000
8,7f5,0ff00000ff
8,502,00000000
8,642,0007afec0f060
8,503,1454444045444
8,630,01ffffdae00
8,7f5,0ff00000ff
8,645,00000007f
8,504,c01111100
8,501,40000000
8,7f5,0ff00000ff
8,2a,1100000c20
8,642,0007afec0f060
8,502,10000000
8,659,ffffffff0000
8,504,811001011
8,636,ffffffff7fffffff
8,504,c01111100
8,2a,0265306dd98
8,7f5,0ff00000ff
8,29,00000000
8,641,01105c00046
8,502,10000000
8,658,7fff7fff7fff00
8,503,245444454344
8,636,ffffffff7fffffff
8,504,c01111100
8,500,400000000
8,7f5,0ff00000ff
8,29,00000000
8,641,01105c00046
8,502,10000000
8,658,7fff7fff7fff00
8,503,245444454444
8,636,ffffffff7fffffff
8,504,c01111100
8,500,400000000
8,7f5,0ff00000ff
8,29,00000000
8,642,0007afec0f060
8,460,29068601800
8,659,ffffffff0000
8,503,245444454344
8,750,ffffffffffffffff
8,504,c01111100
8,500,400000000
8,7f5,0ff00000ff
8,29,00000000
8,642,0007afec0f060
8,460,29068601800
8,659,ffffffff0000
8,503,245444454444
8,644,00000100e
8,504,c01111100
8,500,400000000
8,7f5,0ff00000ff
8,29,00000000
8,641,01105c00046
8,502,10000000
8,659,ffffffff0000
8,503,245444454344
8,750,ffffffffffffffff
8,504,c01111100
8,500,400000000
8,7f5,0ff00000ff
8,29,00000000
8,641,01105c00046
8,502,10000000
8,658,7fff7fff7fff00
8,503,245444454445
8,635,7fffffff1100
8,504,c01111100
8,500,400000000
8,7f5,0ff00000ff
8,501,00000000
8,640,003dd115056
8,502,10000000
8,657,ffa27fffffff00
8,503,245444454445
8,636,ffffffff7fffffff
8,460,29068601800
8,500,400000000
8,7f5,0ff00000ff
8,29,00000000
8,641,01105c00046
8,502,10000000
8,658,7fff7fff7fff00
8,503,245444454444
8,636,ffffffff7fffffff
8,460,29068601800
8,500,400000000
8,2a,0265306dd98
8,501,00000000
8,642,0007afec0f060
8,502,10000000
8,659,ffffffff0000
8,503,245444454344
8,750,ffffffffffffffff
8,460,000002100
8,500,400000000
8,7f5,0ff00000ff
8,29,00000000
8,642,0007afec0f060
8,502,10000000
8,630,01ffffdad00
8,2a,0265306dd98
8,750,ffffffffffffffff
8,504,c01111100
8,500,400000000
8,7f5,0ff00000ff
8,501,00000000
8,642,0007afec0f060
8,502,10000000
8,659,ffffffff0000
8,503,244444454444
8,750,ffffffffffffffff
8,504,c01111100
8,500,400000000
8,7f5,0ff00000ff
8,501,00000000
8,642,0007afec0f060
8,502,10000000
8,630,01ffffdae00
8,503,245444454444
8,750,ffffffffffffffff
8,504,c01111100
8,500,400000000
8,7f5,0ff00000ff
8,501,00000000
8,642,0007afec0f060
8,502,10000000
8,631,00010100010
8,503,245444454444
8,636,ffffffff7fffffff
2,e0,2fff
8,500,400000000
8,7f5,0ff00000ff
8,501,00000000
8,505,042424142424141
8,502,10000000
8,656,02f00ffff00
8,503,245444454344
8,632,7fff7fff0110
8,504,c01111100
8,750,ffffffffffffffff
8,7f5,0ff00000ff
3,11a,000
8,640,003dd115056
8,501,10000000
8,643,ffffffffffffffff
8,502,20000000
8,630,01ffffdad00
8,504,c01111100
8,750,ffffffffffffffff
8,7f5,0ff00000ff
8,118,0901a1b1900
8,505,042424142424141
8,501,10000000
8,656,02f00ffff00
8,503,245444454345
8,460,29068601800
2,e0,3fff
8,750,ffffffffffffffff
8,7f5,0ff00000ff
8,671,f060fb500100
8,e9,07bffff2ffe390
8,501,10000000
8,643,ffffffffffffffff
8,502,20000000
8,633,101f010000
8,504,c01111100
8,2a,1100000c20
8,7f5,0ff00000ff
8,672,00000000
8,505,042424142424141
8,501,10000000
8,642,0007afec0f060
8,502,20000000
8,631,00010100010
2,e0,9fff
8,750,ffffffffffffffff
8,7f5,0ff00000ff
8,648,04000000
8,505,042424142424141
8,501,10000000
8,641,01105c00046
8,502,20000000
8,658,7fff7fff7fff00
8,503,3344450454545
8,636,ffffffff7fffffff
8,7f5,0ff00000ff
8,460,29068601800
8,505,042424142424141
8,501,10000000
8,e5,136367ea9c00
8,502,20000000
8,630,01ffffdaf00
2,e0,ffff
8,750,ffffffffffffffff
8,7f5,0ff00000ff
8,670,1d0000000
8,505,042424142424141
8,500,100000000
8,505,142414242424242
8,502,20000000
8,658,7fff7fff7fff00
8,503,3244440454545
8,636,ffffffff7fffffff
8,7f5,0ff00000ff
8,500,00000000
8,505,042424242424141
8,501,10000000
8,641,01105c00046
8,502,20000000
8,659,ffffffff0000
8,503,3344450454545
8,636,ffffffff7fffffff
8,7f5,0ff00000ff
8,500,00000000
8,505,041424142424141
8,501,10000000
8,642,0007afec0f060
8,502,20000000
8,659,ffffffff0000
8,503,3244450454545
8,750,ffffffffffffffff
8,7f5,0ff00000ff
8,119,0002f1096
8,505,041424142424141
8,501,10000000
8,e5,137367ea9c00
8,502,20000000
8,632,7fff7fff0110
8,503,3244450454545
8,750,ffffffffffffffff
8,7f5,0ff00000ff
8,29,00000000
8,505,041424142424141
8,501,10000000
8,655,04504d7fff7fff
8,460,29068601800
8,634,07fff00000
8,503,3244450454545
8,750,ffffffffffffffff
8,7f5,0ff00000ff
8,29,00000000
7,9cf8ca2a,2201e13f3ec2
8,501,10000000
8,657,ffa37fffffff00
8,503,245444454444
8,636,ffffffff7fffffff
8,504,c01111100
8,750,ffffffffffffffff
8,7f5,0ff00000ff
8,501,00000000
8,643,ffffffffffffffff
8,502,10000000
8,630,01ffffdae00
8,460,29068601800
8,645,00000007f
8,e9,3636441002acc
8,500,400000000
8,7f5,0ff00000ff
8,501,00000000
8,642,0007afec0f060
8,502,10000000
8,659,ffffffff0000
8,503,245444454444
8,644,00000100b
8,504,c01111100
8,750,ffffffffffffffff
8,7f5,0ff00000ff
8,501,00000000
8,643,ffffffffffffffff
8,502,10000000
8,659,ffffffff0000
8,503,245444454444
8,645,00000007f
8,e9,3636441002acd
8,500,400000000
8,460,29068601800
8,501,00000000
8,642,0007afec0f060
8,502,10000000
8,659,ffffffff0000
8,503,245444454344
8,750,ffffffffffffffff
8,504,c01111100
8,500,400000000
8,460,29068601800
8,501,00000000
8,643,ffffffffffffffff
8,502,10000000
8,630,01ffffdad00
8,503,245444454344
8,645,ffff000007f
8,e9,3636441002ace
8,500,400000000
8,460,29068601800
8,501,00000000
8,2a,1100000c20
8,502,10000000
8,659,ffffffff0000
8,503,244444454345
8,644,000001007
8,e9,3636441002ace
8,750,ffffffffffffffff
8,7f5,0ff00000ff
8,501,00000000
8,652,00f060ff000
8,502,10000000
8,630,01ffffdad00
8,503,245444454444
8,645,00000007f
8,e9,3636441002acf
8,750,ffffffffffffffff
8,7f5,0ff00000ff
8,501,00000000
8,643,ffffffffffffffff
8,502,10000000
8,659,ffffffff0000
8,503,245444454345
8,646,007fff7fff00
8,e9,3636441002acf
8,500,400000000
8,7f5,0ff00000ff
8,501,00000000
2,e0,efff
8,502,10000000
8,e5,136367fa9c00
8,502,20000000
8,635,7fffffff1100
8,503,3344450454545
8,750,ffffffffffffffff
8,7f5,0ff00000ff
8,500,00000000
8,640,003dd115056
8,501,10000000
8,460,000002100
8,502,20000000
8,635,7fffffff1100
8,503,3244450454545
8,750,ffffffffffffffff
8,7f5,0ff00000ff
8,500,00000000
8,641,01105c00046
8,501,10000000
8,659,ffffffff0000
8,502,20000000
8,750,ffffffffffffffff
8,503,3244450454545
8,750,ffffffffffffffff
8,2a,0265306dd98
8,500,00000000
8,641,01105c00046
8,501,10000000
8,659,ffffffff0000
8,502,20000000
8,750,ffffffffffffffff
8,2a,1100000c20
8,460,29068601800
8,7f5,0ff00000ff
8,500,00000000
8,641,01105c00046
8,501,10000000
8,658,7fff7fff7fff00
8,2a,0265306dd98
8,750,ffffffffffffffff
8,503,3244450454545
8,460,29068601800
8,7f5,0ff00000ff
8,500,00000000
8,641,01105c00046
8,2a,1100000c20
8,630,01ffffdad00
8,502,20000000
8,750,ffffffffffffffff
8,503,3244450454545
8,460,29068601800
8,7f5,0ff00000ff
8,2a,0265306dd98
8,643,ffffffffffffffff
8,501,10000000
8,631,00010100010
8,503,245444454345
8,645,00000007f
8,504,c01111100
8,460,15550d4e1780
8,7f5,0ff00000ff
8,500,00000000
8,642,0007afec0f060
8,501,10000000
8,630,01ffffdae00
8,502,20000000
8,644,000001007
8,e9,3636441002ad3
8,750,ffffffffffffffff
8,7f5,0ff00000ff
8,500,00000000
8,642,0007afec0f060
8,501,10000000
8,659,ffffffff0000
8,502,20000000
8,644,000001007
8,e9,3636441002ad4
8,750,ffffffffffffffff
8,7f5,0ff00000ff
8,500,00000000
8,642,0007afec0f060
8,501,10000000
8,630,01ffffdae00
8,502,20000000
8,644,00000100b
8,e9,3636441002ad4
8,750,ffffffffffffffff
8,7f5,0ff00000ff
8,500,00000000
8,642,0007afec0f060
8,460,29068601800
8,630,01ffffdad00
8,502,20000000
8,644,00000100b
8,e9,3636441002ad5
8,750,ffffffffffffffff
8,7f5,0ff00000ff
8,500,00000000
8,643,ffffffffffffffff
8,460,000002100
8,631,00010100010
8,502,20000000
8,645,00000007f
8,e9,3636441002ad5
8,750,ffffffffffffffff
8,7f5,0ff00000ff
8,500,00000000
8,652,00f060ff000
8,501,10000000
8,631,00010100010
8,502,20000000
8,644,000001007
8,e9,3636441002ad6
8,750,ffffffffffffffff
8,7f5,0ff00000ff
8,500,00000000
8,643,ffffffffffffffff
8,501,10000000
8,631,00010100010
8,502,20000000
8,645,00000007f
8,e9,3636441002ad6
8,750,ffffffffffffffff
8,7f5,0ff00000ff
8,500,00000000
8,643,ffffffffffffffff
8,500,100000000
8,632,7fff7fff0110
8,502,20000000
8,646,007fff7fff00
8,503,3244450454545
8,750,ffffffffffffffff
8,2a,1100000c20
8,29,00000000
8,652,00f060ff000
8,500,100000000
8,632,7fff7fff0110
8,501,20000000
8,645,00000007f
8,460,29068601800
8,750,ffffffffffffffff
8,7f5,0ff00000ff
8,29,00000000
8,652,00f060ff000
8,500,100000000
8,631,00010100010
8,2a,1100000c20
8,645,00000007f
8,e9,3636441002ad8
8,750,ffffffffffffffff
8,7f5,0ff00000ff
8,29,00000000
8,643,ffffffffffffffff
8,2a,0265306dd98
8,631,00010100010
8,501,20000000
8,645,ffff000007f
8,e9,3636441002ad8
8,750,ffffffffffffffff
8,7f5,0ff00000ff
8,2a,1100000c20
8,655,04104d7fff7fff
8,500,100000000
8,633,101f010000
8,502,20000000
8,647,007fff7fff00
8,503,3344450454545
8,2a,0265306dd98
8,7f5,0ff00000ff
8,29,00000000
8,655,04104d7fff7fff
8,500,100000000
8,633,101f010000
8,501,20000000
8,645,00000007f
8,e9,3636441002ad9
8,750,ffffffffffffffff
8,7f5,0ff00000ff
8,29,00000000
8,643,ffffffffffffffff
8,500,100000000
8,633,101f010000
8,502,20000000
8,644,000001006
8,503,3344450454545
8,750,ffffffffffffffff
8,7f5,0ff00000ff
8,29,00000000
8,460,000002100
8,500,100000000
8,632,7fff7fff0110
8,501,20000000
8,644,000001007
8,e9,3636441002ada
8,750,ffffffffffffffff
8,7f5,0ff00000ff
8,29,00000000
8,655,0410477fff7fff
8,500,100000000
8,633,101f010000
8,e9,200ff453ff0
8,644,00000100b
8,503,3244450454545
8,750,ffffffffffffffff
8,7f5,0ff00000ff
7,9cf8d81b,2201e13f3ed2
8,656,03000ffff00
8,501,10000000
8,635,7fffffff1100
8,502,20000000
8,646,007fff7fff00
8,503,3244450454545
8,2a,0265406dd98
8,640,003dd115056
8,29,00000000
8,657,ffa37fffffff00
8,500,100000000
8,635,7fffffff1100
8,502,20000000
8,645,00000007f
8,503,3344450454545
8,750,ffffffffffffffff
8,7f5,0ff00000ff
8,29,00000000
8,657,ffa67fffffff00
8,500,100000000
8,634,07fff00000
8,502,20000000
8,460,29068601800
8,503,3244450454545
8,750,ffffffffffffffff
8,7f5,0ff00000ff
8,29,00000000
8,657,ffa37fffffff00
8,501,10000000
8,635,7fffffff1100
8,502,20000000
8,670,1d0000000
8,503,3244450454545
8,750,ffffffffffffffff
8,640,003dd115056
8,29,00000000
8,658,7fff7fff7fff00
8,500,100000000
8,636,ffffffff7fffffff
8,502,20000000
8,671,f060fb500100
8,503,3244440454545
8,750,ffffffffffffffff
8,641,01105c00046
8,500,00000000
8,630,01ffffdae00
8,501,10000000
8,750,ffffffffffffffff
8,502,20000000
8,118,0901a1b1900
8,503,3244450454545
8,750,ffffffffffffffff
8,643,ffffffffffffffff
8,500,00000000
8,632,7fff7fff0110
8,e9,1fefefefefdfefd
8,e5,136367fa9bf0
8,502,20000000
3,11a,000
8,503,3244450454545
8,750,ffffffffffffffff
8,642,0007afec0f060
8,500,00000000
8,631,00010100010
8,501,10000000
8,750,ffffffffffffffff
8,502,20000000
8,118,0901a1b1900
8,503,3244450454545
8,2a,1100000c20
8,652,00f060ff000
8,500,00000000
8,631,00010100010
8,501,10000000
8,750,ffffffffffffffff
8,502,20000000
8,118,0901a1b1900
8,503,3244450454545
8,750,ffffffffffffffff
8,643,ffffffffffffffff
8,460,15550d4e1780
8,633,101f010000
8,e9,1fefefefefefefd
8,e5,136367faac00
8,502,20000000
8,29,00000000
8,503,3244450454545
8,750,ffffffffffffffff
8,656,03000ffff00
8,460,000002100
8,2a,0265506dd98
8,501,10000000
8,750,ffffffffffffffff
8,e9,200ff453ff0
8,29,00000000
8,503,3244450454545
8,750,ffffffffffffffff
8,656,02e00ffff00
8,500,00000000
8,634,07fff00000
8,501,10000000
8,e5,136367fa9c00
8,502,20000000
8,29,00000000
8,e9,3636441002ae1
8,750,ffffffffffffffff
8,655,03c04d7fff7fff
8,500,00000000
8,633,101f010000
8,501,10000000
8,750,ffffffffffffffff
8,502,20000000
3,11a,000
8,503,3244450454545
8,2a,1100000c20
8,642,0007afec0f060
8,29,00000000
8,659,ffffffff0000
8,500,100000000
8,636,ffffffff7fffffff
8,502,20000000
8,671,f060fb500100
8,503,3244450454545
8,750,ffffffffffffffff
8,643,ffffffffffffffff
8,500,00000000
8,632,7fff7fff0110
8,501,10000000
8,750,ffffffffffffffff
8,502,20000000
8,29,00000000
8,503,3344450454545
8,750,ffffffffffffffff
8,655,0360477fff7fff
8,500,00000000
8,633,101f010000
8,501,10000000
8,750,ffffffffffffffff
8,502,20000000
8,29,00000000
8,503,3244450454545
8,750,ffffffffffffffff
8,656,03000ffff00
2,e0,afff
8,634,07fff00000
8,501,10000000
8,750,ffffffffffffffff
8,502,20000000
8,672,00000000
8,503,3244450454545
8,750,ffffffffffffffff
8,641,01105c00046
8,29,00000000
8,631,00010100010
8,501,10000000
8,635,7fffffff1100
8,502,20000000
8,672,00000000
8,503,3244450454545
8,750,ffffffffffffffff
8,460,000002100
2,e0,fff
8,659,ffffffff0000
8,500,100000000
8,630,01ffffdae00
8,501,20000000
8,646,007fff7fff00
8,502,30000000
8,750,ffffffffffffffff
8,7f5,0ff00000ff
8,29,00000000
8,656,02f00ffff00
8,500,100000000
8,659,ffffffff0000
8,501,20000000
8,646,007fff7fff00
8,502,30000000
8,750,ffffffffffffffff
8,7f5,0ff00000ff
8,29,00000000
8,655,03c0477fff7fff
8,500,100000000
8,460,29068601800
8,501,20000000
8,646,007fff7fff00
8,502,30000000
8,750,ffffffffffffffff
8,7f5,0ff00000ff
8,29,00000000
8,655,03c0477fff7fff
8,500,100000000
8,632,7fff7fff0110
8,501,20000000
8,647,007fff7fff00
8,502,30000000
8,750,ffffffffffffffff
8,7f5,0ff00000ff
2,e0,cfff
8,655,0400477fff7fff
8,460,29068601800
8,505,142414242424242
8,2a,1100000c20
8,750,ffffffffffffffff
8,501,30000000
8,460,29068601800
8,503,4454500000
2,e0,7fff
8,504,11000001
8,460,29068601800
8,655,04605c7fff7fff
8,e5,27d2e4006a01
8,633,101f010000
8,501,30000000
8,460,000002100
8,502,40000000
8,29,00000000
8,503,0454500121112
8,460,29068601800
8,643,ffffffffffffffff
8,e5,27d2f4006a01
8,632,7fff7fff0110
8,501,30000000
8,750,ffffffffffffffff
8,502,40000000
8,29,00000000
8,503,0454500121112
8,460,29068601800
8,655,04b0527fff7fff
8,e5,27e2e4006a01
8,633,101f010000
8,501,30010000
8,750,ffffffffffffffff
8,502,40000000
2,e0,8fff
8,503,0444500121112
8,460,29068601800
8,642,0007afec0f060
8,29,00000000
8,630,01ffffdad00
8,e9,3636441002ae8
8,750,ffffffffffffffff
8,501,40000000
8,29,00000000
8,503,0454500121112
8,460,000002100
8,504,411010110
8,e5,27e2f4006a01
8,630,01ffffdae00
8,e9,3636441002ae9
8,750,ffffffffffffffff
8,501,40000000
8,29,00000000
8,503,0454500121112
8,2a,0265506dd98
8,504,411010110
8,e5,136367fa9c00
8,505,2424200000
8,e9,3636441002ae9
8,750,ffffffffffffffff
8,501,40000000
3,11a,000
8,503,0454500121112
8,750,ffffffffffffffff
8,640,003dc115056
8,e5,137367fa9c00
8,659,ffffffff0000
8,e9,3636441002aea
8,750,ffffffffffffffff
8,501,40000000
3,11a,000
8,502,00000000
8,750,ffffffffffffffff
8,7f5,0ff00000ff
8,e5,136367fa9c00
8,657,ffa37fffffff00
8,500,302071009b820
8,636,ffffffff7fffffff
8,501,40100000
8,118,0901a1b1900
8,502,00000000
8,750,ffffffffffffffff
8,641,01105c00046
8,e5,137367fabc00
8,630,01ffffdad00
8,e9,3636441002aeb
8,750,ffffffffffffffff
8,501,40000000
8,119,000301096
8,502,00000000
8,750,ffffffffffffffff
8,641,01105c00046
8,e5,136367fa9c00
8,630,01ffffdae00
8,e9,3636441002aeb
8,750,ffffffffffffffff
8,501,40000000
3,11a,000
8,502,00000000
8,2a,0265506dd98
8,7f5,0ff00000ff
8,e5,136367fa9bf0
8,655,04b05c7fff7fff
8,750,ffffffffffffffff
8,635,7fffffff1100
8,501,40000000
8,670,1d0000000
8,502,00000000
8,750,ffffffffffffffff
8,7f5,0ff00000ff
8,e5,137367facbf0
8,657,ffa67fffffff00
8,500,30206f009c820
8,636,ffffffff7fffffff
8,501,40000000
8,118,090191b1900
8,460,29068601800
8,750,ffffffffffffffff
8,642,0007afec0f060
8,e5,137367faabf0
8,630,01ffffdad00
8,e9,3636441002aed
8,750,ffffffffffffffff
8,501,40000000
8,29,00000000
8,460,29068601800
8,750,ffffffffffffffff
8,642,0007afec0f060
8,e5,137367faac00
8,505,2424200000
8,e9,3636441002aed
8,750,ffffffffffffffff
8,501,40000000
8,29,00000000
8,460,000002100
8,750,ffffffffffffffff
8,655,0460577fff7fff
8,e5,136367faabf0
8,631,00010100010
8,500,302071009b820
8,750,ffffffffffffffff
8,502,40000000
8,29,00000000
8,640,003dd115056
8,750,ffffffffffffffff
8,657,ffa77fffffff00
8,e9,200ff453ff0
8,633,101f010000
8,501,30000000
8,750,ffffffffffffffff
8,502,40000000
8,29,00000000
8,641,01105c00046
8,750,ffffffffffffffff
8,657,ffa77fffffff00
8,e9,200ff453ff0
8,634,07fff00000
8,501,30000000
8,750,ffffffffffffffff
8,502,40000000
8,29,00000000
8,642,0007afec0f060
8,2a,1100000c20
8,658,7fff7fff7fff00
8,e9,200ff453ff0
8,633,101f010000
8,501,30000000
8,750,ffffffffffffffff
8,502,40000000
8,29,00000000
8,641,01105c00046
8,750,ffffffffffffffff
8,657,ffa77fffffff00
8,e9,200ff453ff0
8,634,07fff00000
8,501,30000000
8,2a,1100000c20
8,502,40000000
8,29,00000000
8,641,01105c00046
8,750,ffffffffffffffff
8,656,02f00ffff00
8,e9,200ff453ff0
8,634,07fff00000
8,500,301f71009b820
8,750,ffffffffffffffff
8,502,40000000
8,29,00000000
8,641,01105c00046
8,750,ffffffffffffffff
8,656,03000ffff00
8,e9,200ff453ff0
8,750,ffffffffffffffff
8,501,30000000
8,750,ffffffffffffffff
8,502,40000000
8,29,00000000
8,642,0007afec0f060
8,750,ffffffffffffffff
8,658,7fff7fff7fff00
8,e5,27e2e4006a01
8,644,000001007
8,501,30000000
8,750,ffffffffffffffff
8,2a,1100000c20
8,29,00000000
8,652,00f060ff000
8,2a,1100000c20
8,659,ffffffff0000
2,e0,effe
8,750,ffffffffffffffff
8,500,301f70009a820
8,750,ffffffffffffffff
8,502,40000000
8,460,29068601800
8,641,01105c00046
8,750,ffffffffffffffff
8,657,ffa37fffffff00
2,e0,9fff
8,750,ffffffffffffffff
8,500,301f70009a820
8,750,ffffffffffffffff
8,502,40000000
8,460,29068601800
8,641,01105c00046
8,750,ffffffffffffffff
8,657,ff9f7fffffff00
2,e0,4fff
8,750,ffffffffffffffff
8,500,302071009b820
8,750,ffffffffffffffff
8,502,40000000
8,29,00000000
8,641,01105c00046
8,750,ffffffffffffffff
8,657,ff9f7fffffff00
8,e9,200ff453ff0
8,636,ffffffff7fffffff
8,501,30000000
8,750,ffffffffffffffff
8,502,40000000
8,29,00000000
8,643,ffffffffffffffff
8,750,ffffffffffffffff
8,630,01ffffdae00
8,e9,200ff453ff0
8,645,00000007f
8,501,30000000
8,750,ffffffffffffffff
8,502,40000000
8,29,00000000
8,655,04b04d7fff7fff
8,750,ffffffffffffffff
8,630,01ffffdae00
8,460,29068601800
8,645,00000007f
8,501,30000000
8,750,ffffffffffffffff
8,502,40000000
8,29,00000000
8,655,0460527fff7fff
8,750,ffffffffffffffff
8,631,00010100010
8,460,29068601800
8,646,007fff7fff00
8,501,30000000
8,750,ffffffffffffffff
8,502,40000000
8,29,00000000
8,657,ffa37fffffff00
8,e9,1fefefefefefefd
8,632,7fff7fff0110
8,e5,27c2e4006a01
8,647,007fff7fff00
8,501,30000000
8,750,ffffffffffffffff
8,502,40000000
8,2a,1100000c20
8,658,7fff7fff7fff00
8,e9,1fefefefdfefefe
8,505,142414242424242
8,460,15550d4e1780
8,670,1d0000000
8,502,30000000
8,2a,0265506dd98
8,641,01105c00046
8,29,00000000
8,504,11000001
8,e9,1fefefefefefefd
8,633,101f010000
8,e5,27c2f4006a01
8,647,007fff7fff00
8,501,30000000
8,750,ffffffffffffffff
8,641,01105c00046
8,29,00000000
8,504,11000001
8,e9,1fefefefdfefefe
8,633,101f010000
8,e5,27c2e4006a01
8,670,1d0000000
8,501,30000000
8,750,ffffffffffffffff
8,640,003dd115056
8,29,00000000
8,658,7fff7fff7fff00
8,e9,1fefefefefefefd
8,505,142414242424242
8,e5,27d2e4006a01
8,671,f060fb500100
8,501,30000000
8,750,ffffffffffffffff
8,642,0007afec0f060
8,29,00000000
8,630,01ffffdad00
8,e9,1fefefefdfefefe
8,636,ffffffff7fffffff
8,e5,27c2f4006a01
8,118,0901a1b1900
8,502,30000000
8,750,ffffffffffffffff
8,642,0007afec0f060
8,e9,07cffff2ffe390
8,633,101f010000
8,500,100000000
8,750,ffffffffffffffff
8,501,20000000
8,29,00000000
8,502,30030000
8,750,ffffffffffffffff
8,460,29068601800
8,e9,07cffff2ffe3a0
8,633,101f010000
8,500,100000000
8,750,ffffffffffffffff
8,501,20000000
8,29,00000000
8,640,003dc115056
8,750,ffffffffffffffff
8,460,15550d4e177f
8,2a,0265606dd98
8,635,7fffffff1100
8,500,100000000
8,750,ffffffffffffffff
8,e5,27c2e4006a01
8,29,00000000
8,642,0007afec0f060
8,2a,1100000c20
8,657,ffa37fffffff00
8,e9,07cffff2ffe3a0
8,635,7fffffff1100
8,e9,1fefefefefefefd
8,505,142414242424242
8,e5,27d2e4006a01
8,2a,0265606dd98
8,652,00f060ff000
8,750,ffffffffffffffff
8,503,4454500000
8,29,00000000
8,645,01000007f
8,e9,1fefefefefefefd
8,2a,1100000c20
8,e5,27c2e4006a01
8,29,00000000
8,652,00f060ff000
8,750,ffffffffffffffff
8,659,ffffffff0000
8,29,00000000
8,2a,0265606dd98
8,e9,1fefefefdfefefd
8,505,142414242424242
8,e9,200ff453ff0
8,29,00000000
8,652,00f060ff000
8,460,29068601800
8,659,ffffffff0000
8,29,00000000
8,504,11000001
8,2a,1100000c20
8,460,29068601800
8,e5,27c2e4006a01
8,29,00000000
8,641,01105c00046
8,460,29068601800
8,656,03100ffff00
8,2a,0265506dd98
8,635,7fffffff1100
8,460,29068601800
8,460,000002100
8,e5,27c2e4006a01
8,29,00000000
8,640,003dd115056
8,460,29068601800
8,657,ffa07fffffff00
8,e9,07cffff2ffe3a0
8,635,7fffffff1100
8,e9,1fdfefefdfefefd
8,504,411010110
8,e5,27c2e4006a01
8,29,00000000
8,642,0007afec0f060
8,460,29068601800
8,658,7fff7fff7fff00
8,e9,07cffff2ffe3a0
8,750,ffffffffffffffff
8,e9,1fefefefdfefefe
8,505,142424242424242
8,e5,27c2f4006a01
8,29,00000000
8,502,30030000
8,460,29068601800
8,631,00010100010
8,e9,07cffff2ffe3a0
8,504,11000001
8,e9,1fefefefefefefd
8,505,142414242424242
8,e5,27c2e4006a01
8,29,00000000
8,502,30000000
8,460,29068601800
8,630,01ffffdae00
8,e9,07cffff2ffe3a0
8,504,11000001
8,e9,1fefefefefefefe
8,505,142414242424242
8,e5,27c2e4006a01
8,29,00000000
8,502,30000000
8,460,29068601800
8,503,4454500000
8,e9,07cffff2ffe3a0
8,504,11000001
8,460,29068601800
8,505,142414242424242
8,e5,27d2e4006a01
8,29,00000000
8,655,03c0477fff7fff
8,460,000002100
8,632,7fff7fff0110
8,e9,07cffff2ffe3a0
8,504,11000001
8,2a,0265606dd98
8,505,142414242424242
8,e5,27c2e4006a01
8,29,00000000
8,655,0400477fff7fff
8,504,c01111100
8,631,00010100010
8,2a,1100000c20
8,504,11000001
8,460,29068601800
8,505,142414242424242
8,e5,27d2e4006a01
8,29,00000000
8,652,00f060ff000
8,2a,0265506dd98
8,630,01ffffdad00
8,e9,07cffff2ffe3a0
8,644,00000100b
8,460,29068601800
8,505,142414242424242
8,e5,27c2e4006a01
8,2a,1100000c20
8,655,04104d7fff7fff
8,504,c01111100
8,631,00010100010
8,e9,07cffff2ffe3a0
8,645,00000007f
8,460,29068601800
8,505,142414242424242
8,e5,27c2e4006a01
8,29,00000000
8,656,02f00ffff00
8,504,c01111100
8,631,00010100010
8,e9,07cffff2ffe3a0
8,645,00000007f
8,460,29068601800
8,505,142414242424242
8,e5,27e2e4006a01
8,29,00000000
8,656,02f00ffff00
8,504,c01111100
8,632,7fff7fff0110
8,e9,07cffff2ffe3a0
8,645,00000007f
8,2a,0265606dd98
8,505,142414242424242
8,e5,27c2e4006a01
8,29,00000000
8,655,03b04d7fff7fff
8,504,c01111100
8,632,7fff7fff0110
8,e9,07cffff2ffe3a0
8,504,11000001
8,e9,1fefefefefefefd
8,505,142414242424242
8,e5,27d2e4006a01
8,29,00000000
8,502,30000000
8,2a,0265506dd98
8,632,7fff7fff0110
8,e9,07cffff2ffe3a0
8,504,11000001
8,e9,1fefefefdfefefe
8,505,142414242424242
8,e5,27c2e4006a01
8,29,00000000
8,502,30000000
8,504,c01111100
8,633,101f010000
8,e9,07cffff2ffe3a0
8,504,11000001
8,e9,1fefefefdfefefe
8,505,142424242424242
8,e5,27d2e4006a01
8,29,00000000
8,502,30000000
8,504,c01111100
8,633,101f010000
8,e9,07cffff2ffe3a0
8,750,ffffffffffffffff
8,e9,1fefefefdfefefe
8,505,142424242424242
8,640,003dd115056
8,29,00000000
8,460,29068601800
8,504,c01111100
8,634,07fff00000
8,e9,07cffff2ffe3a0
8,646,007fff7fff00
8,e9,1fefefefdfefefe
8,505,142414242424242
8,501,20000000
8,e9,3636441002b4
8,460,000002100
8,504,c01111100
8,636,ffffffff7fffffff
8,e9,07cffff2ffe3a0
8,647,007fff7fff00
8,500,100000000
8,505,142424242424242
8,642,0007afec0f060
8,e9,3636441002b4
8,631,00010100010
8,504,c01111100
8,750,ffffffffffffffff
8,e9,07cffff2ffe3a0
8,670,1d0000000
8,500,100000000
8,505,142414242424242
8,655,0410527fff7fff
8,e9,3636441002b5
8,634,07fff00000
8,504,c01111100
8,750,ffffffffffffffff
7,9cf81db7,2201e13f3efc
8,118,0901a1b1900
8,641,01105c00046
8,e9,200ff453ff0
8,502,20000000
8,e9,3636441002b5
8,635,7fffffff1100
8,2a,1100000c20
8,750,ffffffffffffffff
8,e9,07cffff2ffe3a0
8,118,0901a1b1900
8,501,10000000
8,e5,27c2e4006a01
8,502,20000000
8,e9,3636441002b6
8,503,3344450454545
8,504,c01111100
8,750,ffffffffffffffff
8,e9,07cffff2ffe3a0
8,29,00000000
8,501,10000000
8,e5,27c2e4006a01
8,659,ffffffff0000
8,e9,3636441002b6
8,636,ffffffff7fffffff
8,504,c01111100
8,750,ffffffffffffffff
8,e9,07cffff2ffe3a0
8,505,042424142424142
8,652,00f060ff000
8,e5,27c2e4006a01
8,631,00010100010
8,e9,3636441002b7
8,645,00000007f
8,504,c01111100
8,2a,1100000c20
8,500,00000000
8,460,29068601800
8,643,ffffffffffffffff
8,e5,27e2e4006a01
8,631,00010100010
8,e9,3636441002b7
8,750,ffffffffffffffff
8,504,c01111100
8,750,ffffffffffffffff
8,500,00000000
8,460,29068601800
8,656,03000ffff00
8,e5,27c2e4006a01
8,632,7fff7fff0110
8,e9,3636441002b8
8,647,007fff7fff00
8,2a,1100000c20
8,750,ffffffffffffffff
8,500,00000000
8,e9,1fefefefefefefe
8,656,03000ffff00
8,e5,27d2f4006a01
8,634,07fff00000
8,460,29068601800
8,647,007fff7fff00
2,e0,1fff
8,750,ffffffffffffffff
8,500,00000000
8,505,042424142424241
8,652,00f060ff000
8,e5,27c2e4006a01
8,632,7fff7fff0110
8,460,29068601800
8,646,007fff7fff00
2,e0,cfff
8,750,ffffffffffffffff
8,460,29068601800
8,505,042424242424242
8,643,ffffffffffffffff
8,e5,27c2f4006a01
8,631,00010100010
8,460,29068601800
8,644,00000100b
2,e0,7fff
8,750,ffffffffffffffff
8,460,29068601800
8,505,042424242424242
8,641,01105c00046
8,e9,200ff453ff0
8,630,01ffffdaf00
8,e9,3636441002ba
8,636,ffffffff7fffffff
2,e0,2fff
8,750,ffffffffffffffff
8,460,29068601800
8,29,00000000
8,640,003dd115056
8,e9,200ff453ff0
8,656,02f00ffff00
8,e9,3636441002ba
8,634,07fff00000
8,504,c01111100
8,750,ffffffffffffffff
8,460,29068601800
8,29,00000000
8,640,003dd115056
8,e9,200ff453ff0
8,657,ffa37fffffff00
8,505,2424200000
8,635,7fffffff1100
2,e0,8fff
8,750,ffffffffffffffff
8,2a,1100000c20
8,118,0901a1a1900
8,500,100000000
8,505,142424242424242
8,501,20000000
8,e9,3636441002bb
8,631,00010100010
2,e0,3fff
8,503,4454500000
8,e9,07cffff2ffe3a0
8,648,00000000
8,e9,1fefefefefefefe
8,e5,137367fabc00
8,641,01105c00046
8,e9,3636441002bc
8,659,ffffffff0000
8,504,c01111100
8,636,ffffffff7fffffff
8,e9,07cffff2ffe3a0
8,504,11000001
8,e9,1fefefefefdfefe
8,505,142424242424242
8,652,00f060ff000
8,e9,3636441002bc
8,631,00010100010
2,e0,9fff
8,750,ffffffffffffffff
8,e9,07cffff2ffe3a0
8,671,f060fb500100
8,e9,1fefefefdfdfefd
8,505,142424242424242
8,642,0007afec0f060
8,e9,3636441002bd
8,502,30000000
2,e0,4fff
8,636,ffffffff7fffffff
8,e9,07cffff2ffe3a0
8,670,1d0000000
8,2a,0265606dd98
8,505,142424242424242
8,642,0007afec0f060
8,e9,3636441002bd
8,631,00010100010
2,e0,ffff
8,635,7fffffff1100
8,2a,1100000c20
8,647,007fff7fff00
8,e9,1fefefefdfefefd
8,504,411010110
8,640,003dc115055
8,e9,3636441002be
8,658,7fff7fff7fff00
2,e0,afff
8,632,7fff7fff0110
8,e9,07cffff2ffe3a0
8,503,0464510121112
8,e9,1fefefefefefefe
8,504,411010110
8,e5,27c2e4006a01
8,505,2424200000
8,656,03000ffff00
2,e0,5fff
8,460,15552d4e177f
8,e9,07cffff2ffe3a0
8,750,ffffffffffffffff
8,e9,1fefefefefefefe
8,504,411010110
8,e5,27c2e4006a01
8,505,2424200000
8,655,04604d7fff7fff
2,e0,fff
8,632,7fff7fff0110
8,e9,07cffff2ffe3a0
8,635,7fffffff1100
8,e9,1fefefefdfefefd
8,750,ffffffffffffffff
8,e5,27e2e4006a01
8,29,00000000
8,643,ffffffffffffffff
2,e0,bfff
8,630,01ffffdad00
8,e9,07cffff2ffe3a0
8,633,101f010000
8,2a,0265606dd98
8,460,15551d4e1780
8,e5,27d2f4006a01
8,29,00000000
8,500,301f70009a820
2,e0,6fff
8,656,03000ffff00
8,e9,07cffff2ffe3a0
8,659,ffffffff0000
8,e9,1fefefefdfefefd
8,750,ffffffffffffffff
8,e5,27c2e4006a01
8,504,811001011
8,e9,3636441002b10
2,e0,1ffe
8,655,04605c7fff7fff
8,e9,07cffff2ffe3a0
8,658,7fff7fff7fff00
8,e9,1fefefefdfefefe
8,636,ffffffff7fffffff
8,e5,27c2e4006a01
8,504,811001011
8,e9,3636441002b11
2,e0,cfff
8,655,05005c7fff7fff
8,e9,07cffff2ffe3a0
8,658,7fff7fff7fff00
8,e9,1fefefefefefefe
8,635,7fffffff1100
8,e5,27c2f4006a01
8,118,0901a1b1900
8,2a,0265606dd98
8,460,29068601800
8,652,00f060ff000
8,e9,07cffff2ffe3a0
8,630,01ffffdad00
8,505,042424142424242
8,750,ffffffffffffffff
8,e5,27c2e4006a01
3,11a,000
8,460,29068601800
2,e0,2fff
8,643,ffffffffffffffff
8,e9,07cffff2ffe3a0
8,657,ffa77fffffff00
8,460,29068601800
8,7f5,0ff00000ff
8,e5,27c2e4006a01
8,648,00000000
8,460,29068601800
2,e0,dfff
8,640,003dc115056
8,29,00000000
8,643,ffffffffffffffff
8,460,15554d4e1780
8,631,00010100010
8,e5,27c2e4006a01
8,646,007fff7fff00
8,460,29068601800
2,e0,8ffe
8,480,4c544320ffff00
8,29,00000000
8,500,00000000
8,e9,1fefefefefefefd
8,501,10000000
8,e9,200ff453ff0
8,634,07fff00000
8,460,29068601800
8,503,3245450454545
8,480,4c544320ffff00
8,29,00000000
8,500,00000000
8,505,042424142424242
8,501,10000000
8,e9,200ff453ff0
8,502,20000000
8,460,29068601800
8,503,3245450454545
8,480,4c544320ffff00
8,29,00000000
8,641,01105c00046
8,505,042424142424242
8,657,ffa37fffffff00
8,e5,137367fa9bf0
8,636,ffffffff7fffffff
8,460,29068601800
2,e0,9fff
8,2a,0265606dd98
8,29,00000000
8,460,29068601800
8,505,042424242424242
8,655,04004d7fff7fff
8,e5,136367facc00
8,634,07fff00000
8,505,2424200000
8,503,3245450454545
8,480,4c544320ffff00
8,29,00000000
8,640,003dd116056
8,505,042424242424242
8,657,ff9f7fffffff00
8,e5,136367fa9bf0
8,502,20000000
8,505,2424200000
8,503,3345450454545
8,480,4c544320ffff00
8,29,00000000
8,642,0007afec0f060
8,505,042424242424242
8,501,10000000
8,e5,136367faac00
8,636,ffffffff7fffffff
8,505,2424200000
8,503,3245450454545
8,480,4c544320ffff00
8,e9,07cffff2ffe3a0
8,652,00f060ff000
8,505,042424242424242
8,632,7fff7fff0110
8,e5,27c2f4006a01
8,648,00000000
8,505,2424200000
8,503,3245450454545
8,480,4c544320ffff00
8,e9,07cffff2ffe3a0
8,656,02f00ffff00
8,505,042424242424242
8,635,7fffffff1100
8,e5,27c2e4006a01
8,647,007fff7fff00
8,505,2424200000
8,504,c01111100
8,642,0007afec0f060
8,e9,07cffff2ffe3a0
8,501,00000000
8,505,042424242424242
8,636,ffffffff7fffffff
8,e5,27d2e4006a01
8,670,1d0000000
8,2a,1100000c20
8,504,c01111100
8,500,400000000
8,29,00000000
8,658,7fff7fff7fff00
8,505,042424242424242
8,750,ffffffffffffffff
8,e5,27c2e4006a01
8,671,f060fb500100
8,505,2424200000
8,504,c01111100
8,656,02e00ffff00
8,e9,07cffff2ffe3a0
8,630,01ffffdae00
8,505,042424242424242
8,7f5,0ff00000ff
8,e5,27c2e4006a01
8,119,000301096
8,505,2424200000
8,504,c01111100
8,657,ffa37fffffff00
8,e9,07cffff2ffe3a0
8,460,29068601800
8,505,042424242424242
8,7f5,0ff00000ff
8,e5,27c2f4006a01
8,504,811001011
8,641,01105c00046
8,504,c01111100
8,658,7fff7fff7fff00
8,e9,07cffff2ffe3a0
8,460,15554d4e177f
8,505,042424242424242
8,503,1454444045444
8,e5,27c2e4006a01
8,29,00000000
8,652,00f060ff000
8,504,c01111100
8,630,01ffffdad00
8,e9,07cffff2ffd3a0
8,750,ffffffffffffffff
8,505,042424242424242
8,503,1454444045444
8,e5,27c2f4006a01
8,e9,3636441002b1a
8,655,0460577fff7fff
8,504,c01111100
8,633,101f010000
8,e9,07cffff2ffe3a0
8,645,00000007f
2,e0,7fff
8,503,1454445046444
8,e5,27d2e4006a01
8,29,00000000
8,643,ffffffffffffffff
8,504,c01111100
8,631,00010100010
8,e9,07cffff2ffe3a0
8,644,000001007
2,e0,2fff
8,503,1454444045444
8,e5,27d2f4006a01
8,460,29068601800
8,640,003dd115055
8,504,c01111100
8,658,7fff7fff7fff00
8,460,29068601800
8,635,7fffffff1100
2,e0,dfff
8,7f5,0ff00000ff
8,e5,27c2e4006a01
8,119,0002f1096
8,505,2424200000
8,504,c01111100
8,655,03c0527fff7fff
8,460,29068601800
8,501,00000000
8,2a,0265706dd98
8,7f5,0ff00000ff
8,e5,27c2f4006a01
8,118,0901a1b1900
8,505,2424200000
8,504,c01111100
8,655,0450527fff7fff
8,2a,1100000c20
8,632,7fff7fff0110
2,e0,3fff
8,7f5,0ff00000ff
8,e5,136367fabbf0
8,670,1d0000000
8,505,2424200000
8,503,3245450454545
8,640,003dc115056
8,460,15554d4e1780
8,658,7fff7fff7fff00
8,505,042424242424242
8,636,ffffffff7fffffff
8,e5,136367fa9bf0
8,118,0901a1b1900
8,505,2424200000
8,504,c01111100
8,652,00f060ff000
8,460,15554d4e177f
8,632,7fff7fff0110
2,e0,9fff
8,7f5,0ff00000ff
8,460,29068601800
8,670,1d0000000
8,2a,0265706dd98
8,503,3245450454545
8,641,01105c00046
8,e9,07cffff2ffe3a0
8,659,ffffffff0000
2,e0,4fff
8,750,ffffffffffffffff
8,460,29068601800
8,647,007fff7fff00
8,505,2424200000
8,503,3245450454545
8,460,29068601800
8,e9,07cffff2ffe3a0
8,657,ff9f7fffffff00
2,e0,ffff
8,635,7fffffff1100
8,460,15554d4e1780
8,502,20000000
8,505,2424200000
8,503,3245450454545
8,460,29068601800
8,e9,07cffff2ffe3a0
8,656,02e00ffff00
2,e0,afff
8,501,10000000
8,e5,137367fa9c00
8,636,ffffffff7fffffff
8,505,2424200000
8,2a,0265706dd98
8,460,29068601800
8,e9,07cffff2ffe3a0
8,642,0007afec0f060
2,e0,5fff
8,630,01ffffdaf00
8,505,142424242424242
8,634,07fff00000
8,e9,3636441002b1f
8,7f5,0ff00000ff
8,460,29068601800
8,e9,07cffff2ffe3a0
8,640,003dd115056
2,e0,fff
8,657,ffa77fffffff00
8,505,142424242424242
8,632,7fff7fff0110
8,505,2424200000
8,7f5,0ff00000ff
8,480,4c544320ffff00
8,119,000301096
8,e9,07cffff2ffe3a0
8,504,11000001
8,656,03200ffff00
8,505,142424242424242
8,634,07fff00000
8,505,2424200000
8,7f5,0ff00000ff
8,480,4c544320ffff00
8,29,00000000
8,640,003dd115056
2,e0,6fff
8,656,02f00ffff00
8,505,142424242424242
8,630,01ffffdae00
8,505,2424200000
8,750,ffffffffffffffff
8,480,4c544320ffff00
8,118,0901a1b1900
8,e9,07cffff2ffe3a0
8,504,11000001
8,643,ffffffffffffffff
8,505,142424242424242
8,634,07fff00000
8,505,2424200000
8,7f5,0ff00000ff
8,480,4c544320ffff00
8,29,00000000
8,2a,0265606dd98
8,504,11000001
8,460,29068601800
8,505,142424242424242
8,633,101f010000
8,505,2424200000
8,502,30000000
8,480,4c544320ffff00
8,503,4454500000
8,e9,07cffff2ffe3a0
8,504,11000001
8,656,03200ffff00
8,505,142424242424242
8,634,07fff00000
8,505,2424200000
8,7f5,0ff00000ff
8,480,4c544320ffff00
8,e9,07cffff2ffe3a0
8,2a,1100000c20
8,504,11000001
8,658,7fff7fff7fff00
8,505,142424242424242
8,501,20000000
8,505,2424200000
8,7f5,0ff00000ff
8,2a,0265606dd98
8,e9,07cffff2ffe3a0
8,640,003dd115056
8,504,11000001
8,658,7fff7fff7fff00
8,505,142424242424242
8,501,20000000
8,2a,1100000c20
8,7f5,0ff00000ff
8,480,4c544320ffff00
8,29,00000000
8,641,01105c00046
8,504,11000001
8,500,100000000
8,505,142424242424242
8,501,20000000
8,505,2424200000
8,7f5,0ff00000ff
8,480,4c544320ffff00
8,e9,07cffff2ffe3a0
8,641,01105c00046
8,504,11000001
8,659,ffffffff0000
8,505,142424242424242
8,636,ffffffff7fffffff
8,505,2424200000
8,7f5,0ff00000ff
8,480,4c544320ffff00
8,503,4454500000
8,652,00f060ff000
8,504,11000001
8,631,00010100010
8,505,142424242424242
8,645,00000007f
8,505,2424200000
8,460,29068601800
8,480,4c544320ffff00
8,503,4454500000
8,655,04104d7fff7fff
8,505,042424242424242
8,633,101f010000
8,e5,137367fa9c00
8,2a,0265706dd98
8,505,2424200000
8,460,15554d4e177f
8,2a,0265706dd98
8,503,4454500000
8,658,7fff7fff7fff00
8,505,042424242424242
8,635,7fffffff1100
8,e5,136367fabbf0
8,671,f060fb500100
8,505,2424200000
8,460,000002100
8,642,0007afec0f060
8,503,4454500000
8,500,00000000
8,505,042424242424242
8,636,ffffffff7fffffff
8,e5,137367fa9c10
8,672,00000000
8,505,2424200000
8,503,3245450454545
8,642,0007afec0f060
8,503,4454500000
8,631,00010100010
8,505,042424242424242
8,750,ffffffffffffffff
8,e5,137367fa9c00
8,119,000361096
2,e0,ffff
8,503,3245450454545
8,642,0007afec0f060
8,29,00000000
8,630,01ffffdad00
8,505,042424242424242
8,636,ffffffff7fffffff
8,e5,137367faabf0
8,672,00000000
8,505,2424200000
8,503,3245450454545
8,642,0007afec0f060
8,503,4454500000
8,631,00010100010
8,460,29068601800
8,750,ffffffffffffffff
8,e5,137367fa9c00
8,119,000361096
2,e0,5fff
8,503,3245450454545
8,641,01105c00046
8,503,4454500000
8,659,ffffffff0000
8,505,042424142424242
8,635,7fffffff1100
8,e5,137367faac00
8,671,f060fb500100
2,e0,fff
8,503,3245450454545
8,480,4c544320ffff00
8,503,4454500000
8,657,ffa37fffffff00
8,505,042424242424242
8,636,ffffffff7fffffff
8,e5,136367faabf0
8,672,00000000
2,e0,bfff
8,503,3245450454545
8,2a,1100000c20
8,503,4454500000
8,656,03500ffff00
8,504,11000001
8,633,101f010000
8,505,142424242424242
8,646,007fff7fff00
2,e0,6fff
8,7f5,0ff00000ff
8,480,4c544320ffff00
8,503,4454500000
8,643,ffffffffffffffff
8,504,11000001
8,500,100000000
8,505,142424242424242
8,644,00000100b
2,e0,1fff
8,7f5,0ff00000ff
8,480,4c544320ffff00
8,e9,07cffff2ffe3a0
8,640,003dc115056
8,504,11000001
8,658,7fff7fff7fff00
8,505,142424242424242
8,635,7fffffff1100
8,505,2424200000
8,502,30000000
8,480,4c544320ffff00
8,503,4454500000
8,642,0007afec0f060
8,504,11000001
8,631,00010100010
8,505,142424242424242
8,644,000001007
2,e0,7fff
8,7f5,0ff00000ff
8,480,4c544320ffff00
3,11a,000
8,460,29068601800
8,503,0454500121112
8,652,00f060ff000
8,504,411010110
8,630,01ffffdad00
8,505,2424200000
8,501,30000000
8,2a,1100000c20
8,e9,07cffff2ffe3a0
8,503,4454500000
8,503,0454500121112
8,655,04004d7fff7fff
8,504,411010110
8,630,01ffffdac00
2,e0,dfff
8,501,30000000
8,480,4c544320ffff00
8,646,007fff7fff00
8,503,4454500000
8,e9,1fefefefefefefd
8,641,01105c00046
8,2a,1100000c20
8,657,ffa37fffffff00
8,505,2424200000
8,750,ffffffffffffffff
8,480,4c544320ffff00
8,670,1d0000000
8,503,4454500000
8,2a,0265806dd98
8,655,03c04d7fff7fff
8,504,411010110
8,630,01ffffdae00
2,e0,3fff
8,501,30000000
8,480,4c544320ffff00
8,646,007fff7fff00
8,e9,07cffff2ffe390
8,7f5,0ff00000ff
8,641,01105c00046
8,504,411010110
8,658,7fff7fff7fff00
8,505,2424200000
8,750,ffffffffffffffff
8,480,4c544320ffff00
8,648,00000000
8,2a,0265806dd98
8,503,0454500121112
8,643,ffffffffffffffff
8,504,411010110
8,632,7fff7fff0110
8,505,2424200000
8,501,30000000
8,480,4c544320ffff00
8,502,40000000
8,e9,07cffff2ffe390
8,503,0454500121112
8,652,00f060ff000
8,504,411010110
8,632,7fff7fff0110
8,e9,3636441002b2e
8,501,30000000
8,480,4c544320ffff00
8,671,f060fb500100
8,e9,07cffff2ffe390
8,503,0454500121112
8,656,03600ffff00
8,504,411010110
8,634,07fff00000
8,e9,3636441002b2f
8,501,30000000
8,480,4c544320ffff00
8,502,40000000
8,e9,07cffff2ffe3a0
8,503,0454500121112
8,657,ff9f7fffffff00
8,504,411010110
8,635,7fffffff1100
8,504,811001011
8,500,302071009b820
8,504,c01111100
8,460,29068601800
8,641,01105c00046
8,501,00000000
8,659,ffffffff0000
8,502,10000000
8,635,7fffffff1100
8,503,245445454445
8,750,ffffffffffffffff
8,504,c01111100
8,460,15554d4e177f
8,642,0007afec0f060
8,501,00000000
8,630,01ffffdae00
8,503,1454445045445
8,636,ffffffff7fffffff
8,504,811001011
8,750,ffffffffffffffff
8,504,c01111100
8,501,40100000
8,655,0450577fff7fff
8,502,00000000
8,632,7fff7fff0110
8,503,1454444045445
8,645,00000007f
8,504,811001011
8,500,302372009b820
8,504,c01111100
8,501,40000000
8,652,00f060ff000
8,502,00000000
8,632,7fff7fff0110
8,503,1444444045444
8,645,00000007f
8,504,811001011
8,750,ffffffffffffffff
8,2a,0265806dd98
8,501,40000000
8,655,03b04d7fff7fff
8,502,00000000
8,633,101f010000
8,503,1454444045445
8,645,00000007f
8,504,811001011
8,750,ffffffffffffffff
8,504,c01111100
8,501,40000000
8,655,03b04d7fff7fff
8,502,00000000
8,633,101f010000
8,503,1454444045444
8,645,00000007f
8,504,811001011
8,750,ffffffffffffffff
8,504,c01111100
8,501,40000000
8,656,03600ffff00
8,502,00000000
8,633,101f010000
8,460,15554d4e1780
8,646,007fff7fff00
8,504,811001011
8,750,ffffffffffffffff
8,504,c01111100
8,501,40000000
8,656,03600ffff00
8,502,00000000
8,633,101f010000
8,503,1454445045445
8,646,007fff7fff00
8,504,811001011
8,2a,1100000c20
8,504,c01111100
8,500,400000000
8,655,03c04d7fff7fff
8,502,00000000
8,632,7fff7fff0110
8,503,1454445045445
8,2a,0265806dd98
8,504,811001011
8,750,ffffffffffffffff
8,460,29068601800
8,501,40000000
8,657,ffa37fffffff00
8,502,00000000
8,2a,1100000c20
8,503,1454445045444
8,647,007fff7fff00
8,504,811001011
8,500,302272009b820
8,460,29068601800
8,501,40000000
8,657,ffa37fffffff00
8,502,00000000
8,635,7fffffff1100
8,503,1454445045445
8,670,1d0000000
8,504,811001011
8,7f5,0ff00000ff
8,640,003dc115056
8,501,40000000
8,657,ff9f7fffffff00
8,502,00000000
8,635,7fffffff1100
8,503,1454445045445
8,648,00000000
8,504,811001011
8,7f5,0ff00000ff
8,460,15554d4e1780
8,501,40000000
8,658,7fff7fff7fff00
8,502,00000000
8,634,07fff00000
8,503,1454444045445
8,670,1d0000000
8,504,811001011
8,7f5,0ff00000ff
8,640,003dd115055
8,501,40000000
8,657,ffa07fffffff00
8,502,00000000
8,633,101f010000
8,503,1454444045445
8,647,007fff7fff00
8,504,811001011
8,500,302271009b820
8,504,c01111100
8,501,40000000
8,657,ff9f7fffffff00
8,502,00000000
8,632,7fff7fff0110
8,503,1454444045445
8,648,00000000
8,504,811001011
8,500,302371009b820
8,640,003dd115056
8,501,40000000
8,658,7fff7fff7fff00
8,502,00000000
8,633,101f010000
8,503,1454444045445
8,648,00000000
8,504,811001011
8,750,ffffffffffffffff
8,2a,1100000c20
8,501,40000000
8,658,7fff7fff7fff00
8,502,00000000
8,460,15554d4e177f
8,503,1454445045445
8,648,00000000
8,504,811001011
8,460,29068601800
8,640,003dd115055
8,501,40000000
8,658,7fff7fff7fff00
8,502,00000000
8,636,ffffffff7fffffff
8,503,1454445045445
8,670,1d0000000
8,504,811001011
8,7f5,0ff00000ff
8,640,003dd115055
8,501,40000000
8,658,7fff7fff7fff00
8,502,00000000
8,750,ffffffffffffffff
8,503,1454445045445
8,671,f060fb500100
8,504,811001011
8,7f5,0ff00000ff
8,642,0007afec0f060
8,501,40000000
8,630,01ffffdad00
8,502,00000000
8,750,ffffffffffffffff
8,503,1454444045445
8,672,00000000
8,504,811001011
8,7f5,0ff00000ff
8,643,ffffffffffffffff
8,501,40000000
8,631,00010100010
8,502,00000000
8,750,ffffffffffffffff
8,503,1454444045445
8,672,00000000
8,504,811001011
8,7f5,0ff00000ff
8,652,00f060ff000
8,501,40000000
8,631,00010100010
8,502,00000000
8,2a,0265806dd98
8,503,1454444045445
8,672,00000000
8,504,811001011
8,460,000002100
8,642,0007afec0f060
8,501,40000000
8,659,ffffffff0000
8,502,00000000
8,750,ffffffffffffffff
8,503,1454445045444
8,e9,3636441002b3b
8,504,811001011
8,7f5,0ff00000ff
8,643,ffffffffffffffff
8,501,40000000
8,631,00010100010
8,502,00000000
8,750,ffffffffffffffff
8,503,1454444045445
8,118,0901a1b1900
8,504,811001011
8,7f5,0ff00000ff
8,652,00f060ff000
8,501,40000000
8,631,00010100010
8,502,00000000
8,750,ffffffffffffffff
8,503,1454445045445
8,118,0901a1b1900
8,504,811001011
8,7f5,0ff00000ff
8,655,03c0427fff7fff
8,501,40000000
8,634,07fff00000
8,502,00000000
8,750,ffffffffffffffff
8,503,1454445045445
8,118,0901a1b1900
8,505,2424200000
8,7f5,0ff00000ff
8,657,ffa37fffffff00
8,501,40000000
8,635,7fffffff1100
8,460,29068601800
8,750,ffffffffffffffff
8,503,1454445045445
2,e0,2fff
8,640,003dc115056
8,7f5,0ff00000ff
8,652,00f060ff000
8,501,40000000
8,631,00010100010
8,502,00000000
8,750,ffffffffffffffff
8,503,1454445045445
8,672,00000000
8,504,811001011
8,7f5,0ff00000ff
8,655,0400477fff7fff
8,501,40100000
8,631,00010100010
8,502,00000000
8,750,ffffffffffffffff
8,503,1454445045445
8,118,0901a1b1900
8,504,811001011
8,7f5,0ff00000ff
8,656,03600ffff00
8,501,40000000
8,633,101f010000
8,502,00000000
8,750,ffffffffffffffff
8,503,1454445045445
8,118,0901a1b1900
8,504,811001011
8,7f5,0ff00000ff
8,656,03600ffff00
8,501,40000000
8,633,101f010000
8,502,00000000
8,750,ffffffffffffffff
8,503,1454445045445
8,119,000351096
8,505,2424200000
8,7f5,0ff00000ff
8,657,ffa37fffffff00
8,501,40000000
8,635,7fffffff1100
8,502,00000000
8,750,ffffffffffffffff
8,503,1454445045445
3,11a,000
8,505,2424200000
8,7f5,0ff00000ff
8,652,00f060ff000
8,501,40000000
8,631,00010100010
8,502,00000000
8,750,ffffffffffffffff
8,503,1454444045445
8,2a,0265806dd98
8,504,811001011
8,7f5,0ff00000ff
8,652,00f060ff000
8,501,40000000
8,630,01ffffdae00
8,502,00000000
8,750,ffffffffffffffff
8,503,1454445045445
8,648,00000000
8,504,811001011
8,500,302272009b820
8,652,00f060ff000
8,501,40000000
8,659,ffffffff0000
8,502,00000000
8,750,ffffffffffffffff
8,503,1454445045445
8,670,1d0000000
8,504,811001011
8,7f5,0ff00000ff
8,656,03600ffff00
8,501,40000000
8,630,01ffffdaf00
8,502,00000000
8,750,ffffffffffffffff
8,503,1454444045445
8,670,1d0000000
8,504,811001011
8,7f5,0ff00000ff
8,655,03b0477fff7fff
8,501,40000000
8,460,15554d4e177f
8,502,00000000
8,750,ffffffffffffffff
8,503,1454444045445
8,671,f060fb500100
8,504,811001011
8,7f5,0ff00000ff
8,657,ffa37fffffff00
8,501,40000000
8,635,7fffffff1100
8,502,00000000
8,e9,200ff453ff0
8,503,1454445045445
8,671,f060fb500100
8,504,811001011
8,7f5,0ff00000ff
8,657,ffa77fffffff00
8,501,40100000
8,636,ffffffff7fffffff
8,502,00000000
8,e9,200ff453ff0
8,503,1454444045445
8,118,0901a1b1900
8,640,003dd115056
8,7f5,0ff00000ff
8,659,ffffffff0000
8,501,40000000
8,636,ffffffff7fffffff
8,502,00000000
8,e9,200ff453ff0
8,503,1454444045445
8,118,0901a1b1900
8,641,01105c00046
8,7f5,0ff00000ff
8,659,ffffffff0000
8,501,40000000
8,644,000001007
8,502,00000000
8,e9,200ff453ff0
8,503,1454445045445
8,118,0901a1b1900
8,641,01105c00046
8,7f5,0ff00000ff
8,659,ffffffff0000
8,501,40000000
8,750,ffffffffffffffff
8,502,00000000
8,e9,200ff453ff0
8,503,1454445045445
8,460,15555d4e1780
8,641,01105c00046
8,7f5,0ff00000ff
8,630,01ffffdad00
8,501,40000000
8,644,000001007
8,502,00000000
8,e9,200ff453ff0
8,503,1454445045445
3,11a,000
8,641,01105c00046
8,750,ffffffffffffffff
8,655,0450527fff7fff
8,501,40000000
8,635,7fffffff1100
8,502,00000000
8,e9,200ff453ff0
8,503,1454445045445
3,11a,000
8,504,811001011
8,750,ffffffffffffffff
8,642,0007afec0f060
8,460,29068601800
8,631,00010100010
8,501,00000000
8,750,ffffffffffffffff
8,502,10000000
8,118,0901a1b1900
8,504,811001011
8,750,ffffffffffffffff
8,652,00f060ff000
8,460,15554d4e177f
8,633,101f010000
8,502,00000000
8,750,ffffffffffffffff
8,503,1454445045445
8,672,00000000
8,504,811001011
8,750,ffffffffffffffff
8,655,03c04d7fff7fff
8,501,40000000
8,635,7fffffff1100
8,502,00000000
8,750,ffffffffffffffff
8,503,1454445045445
8,29,00000000
8,641,01105c00046
8,7f5,0ff00000ff
8,658,7fff7fff7fff00
8,501,40000000
8,636,ffffffff7fffffff
8,502,00000000
8,750,ffffffffffffffff
8,503,1454545045444
8,29,00000000
8,642,0007afec0f060
8,7f5,0ff00000ff
8,630,01ffffdad00
2,e0,efff
8,644,000001007
8,502,00000000
8,750,ffffffffffffffff
8,503,1454445045445
8,29,00000000
8,504,811001011
8,2a,0265906dd98
8,656,03600ffff00
8,e9,07cffff2ffe390
8,634,07fff00000
8,502,00000000
8,750,ffffffffffffffff
8,503,1454545045445
8,29,00000000
8,504,811001011
8,750,ffffffffffffffff
8,656,03600ffff00
8,501,40000000
8,636,ffffffff7fffffff
8,502,00000000
8,750,ffffffffffffffff
8,460,29068601800
8,29,00000000
8,642,0007afec0f060
8,7f5,0ff00000ff
8,659,ffffffff0000
8,501,40000000
8,750,ffffffffffffffff
8,502,00000000
8,e9,200ff453ff0
8,460,000002100
8,29,00000000
8,641,01105c00046
8,7f5,0ff00000ff
8,658,7fff7fff7fff00
8,501,40000000
8,750,ffffffffffffffff
8,502,00000000
8,e9,200ff453ff0
8,503,1454545045445
8,29,00000000
8,642,0007afec0f060
8,7f5,0ff00000ff
8,658,7fff7fff7fff00
8,500,400000000
8,645,00000007f
8,501,00000000
8,750,ffffffffffffffff
8,502,10000000
8,29,00000000
8,642,0007afec0f060
8,7f5,0ff00000ff
8,656,03600ffff00
8,500,400000000
8,644,000001007
8,2a,1100000c20
8,750,ffffffffffffffff
8,502,10000000
8,29,00000000
8,642,0007afec0f060
8,7f5,0ff00000ff
8,460,29068601800
8,2a,0265906dd98
8,750,ffffffffffffffff
8,501,00000000
8,750,ffffffffffffffff
8,502,10000000
8,29,00000000
8,642,0007afec0f060
8,7f5,0ff00000ff
8,460,000002100
8,500,400000000
8,644,000001007
8,501,00000000
8,750,ffffffffffffffff
8,502,10000000
8,29,00000000
8,642,0007afec0f060
8,750,ffffffffffffffff
8,657,ffa37fffffff00
8,500,400000000
8,644,00000100b
8,501,00000000
8,750,ffffffffffffffff
8,502,10000000
8,29,00000000
8,642,0007afec0f060
8,7f5,0ff00000ff
8,659,ffffffff0000
8,500,400000000
8,644,00000100b
8,501,00000000
8,750,ffffffffffffffff
8,502,10000000
8,29,00000000
8,642,0007afec0f060
8,460,29068601800
8,659,ffffffff0000
8,500,400000000
8,750,ffffffffffffffff
8,501,00000000
8,460,29068601800
8,502,10000000
8,29,00000000
8,642,0007afec0f060
8,460,29068601800
8,659,ffffffff0000
8,500,400000000
8,644,00000100b
8,501,00000000
8,460,000002100
8,502,10000000
8,29,00000000
8,640,003dd115055
8,2a,1100000c20
8,657,ffa77fffffff00
8,29,00000000
8,635,7fffffff1100
8,500,00000000
8,e9,200ff453ff0
8,501,10000000
8,118,0901a1b1900
8,502,20000000
8,460,29068601800
8,655,03604d7fff7fff
8,29,00000000
8,634,07fff00000
8,500,00000000
8,e9,200ff453ff0
8,e5,136367fa9c00
8,672,00000000
8,502,20000000
8,460,29068601800
8,643,ffffffffffffffff
8,29,00000000
8,632,7fff7fff0110
8,500,00000000
8,e9,200ff453ff0
8,501,10000000
8,671,f060fb500100
8,502,20000000
8,750,ffffffffffffffff
8,641,01105c00046
8,29,00000000
8,631,00010100010
8,500,00000000
8,750,ffffffffffffffff
8,501,10000000
8,671,f060fb500100
8,502,20000000
8,750,ffffffffffffffff
8,643,ffffffffffffffff
8,29,00000000
8,632,7fff7fff0110
8,500,00000000
8,e9,200ff453ff0
8,501,10000000
8,671,f060fb500100
8,502,20000000
8,2a,1100000c20
8,643,ffffffffffffffff
8,29,00000000
8,632,7fff7fff0110
8,500,00000000
8,750,ffffffffffffffff
8,501,10000000
8,671,f060fb500100
8,502,20000000
8,750,ffffffffffffffff
8,652,00f060ff000
8,29,00000000
8,633,101f010000
8,460,29068601800
8,750,ffffffffffffffff
8,501,10000000
8,119,000351096
8,502,20000000
8,750,ffffffffffffffff
8,655,04a0527fff7fff
8,29,00000000
8,633,101f010000
8,460,15554d4e1780
8,750,ffffffffffffffff
8,e5,137367faac00
8,119,000361096
8,502,20000000
8,750,ffffffffffffffff
8,656,03600ffff00
8,29,00000000
8,635,7fffffff1100
8,500,00000000
8,750,ffffffffffffffff
8,e5,137367fa9bf0
3,11a,000
8,640,003dd115055
8,750,ffffffffffffffff
8,652,00f060ff000
8,29,00000000
8,633,101f010000
8,500,00000000
8,750,ffffffffffffffff
8,501,10000000
8,672,00000000
8,502,20000000
8,750,ffffffffffffffff
8,643,ffffffffffffffff
7,9cf8daaa,2201e13f3e4a
8,632,7fff7fff0110
8,500,00000000
8,e9,200ff453ff0
8,e5,136367fa9bf0
8,118,0901a1b1900
8,460,29068601800
8,750,ffffffffffffffff
8,657,ffa77fffffff00
8,2a,1100000c20
8,636,ffffffff7fffffff
8,500,00000000
8,750,ffffffffffffffff
8,e5,137367faac00
8,29,00000000
8,642,0007afec0f060
8,2a,0265906dd98
8,659,ffffffff0000
8,29,00000000
8,750,ffffffffffffffff
8,500,00000000
8,750,ffffffffffffffff
8,502,10000000
8,29,00000000
8,503,245445454345
8,750,ffffffffffffffff
8,659,ffffffff0000
8,29,00000000
8,636,ffffffff7fffffff
8,501,00000000
8,2a,0265806dd98
8,502,10000000
8,29,00000000
8,460,000002100
8,750,ffffffffffffffff
8,659,ffffffff0000
8,29,00000000
8,635,7fffffff1100
8,500,00000000
8,750,ffffffffffffffff
8,502,10000000
8,29,00000000
8,643,ffffffffffffffff
8,750,ffffffffffffffff
8,504,c01111100
8,29,00000000
8,636,ffffffff7fffffff
8,501,00000000
8,750,ffffffffffffffff
8,502,10000000
8,29,00000000
8,2a,1100000c20
8,750,ffffffffffffffff
8,630,01ffffdad00
8,29,00000000
8,750,ffffffffffffffff
8,500,00000000
8,750,ffffffffffffffff
8,502,10000000
8,29,00000000
8,652,00f060ff000
8,2a,0265906dd98
8,631,00010100010
8,29,00000000
8,636,ffffffff7fffffff
8,500,00000000
8,750,ffffffffffffffff
8,502,10000000
8,29,00000000
8,652,00f060ff000
8,750,ffffffffffffffff
8,630,01ffffdae00
8,29,00000000
8,644,00000100b
8,501,00000000
8,750,ffffffffffffffff
8,502,10000000
8,29,00000000
8,652,00f060ff000
8,750,ffffffffffffffff
8,504,c01111100
8,29,00000000
8,644,00000100e
8,500,00000000
8,750,ffffffffffffffff
8,501,10000000
3,11a,000
8,642,0007afec0f060
8,750,ffffffffffffffff
8,656,03500ffff00
8,29,00000000
8,635,7fffffff1100
8,500,00000000
8,750,ffffffffffffffff
8,501,10000000
8,672,00000000
8,640,003dd115056
8,505,2424200000
8,656,03500ffff00
8,29,00000000
8,634,07fff00000
8,500,00000000
8,750,ffffffffffffffff
8,501,10000000
8,119,000351096
8,502,20000000
8,750,ffffffffffffffff
8,655,04a05c7fff7fff
8,460,29068601800
8,634,07fff00000
8,500,00000000
8,750,ffffffffffffffff
8,501,10000000
8,118,0901a1b1900
8,502,20000000
8,505,2424200000
8,656,03500ffff00
8,2a,0265906dd98
8,634,07fff00000
8,7f5,0ff00000ff
8,750,ffffffffffffffff
8,501,10000000
8,119,000351096
8,502,20000000
8,505,2424200000
8,655,04604d7fff7fff
8,460,29068601800
8,633,101f010000
8,7f5,0ff00000ff
8,750,ffffffffffffffff
8,501,10000000
8,119,000351096
8,502,20000000
8,505,2424200000
8,655,0450577fff7fff
8,460,29068601800
8,634,07fff00000
8,500,00000000
8,750,ffffffffffffffff
8,501,10000000
8,119,000361096
8,502,20000000
8,505,2424200000
8,656,03600ffff00
8,460,000002100
8,634,07fff00000
8,7f5,0ff00000ff
8,750,ffffffffffffffff
8,500,100000000
8,118,0901a1b1900
8,502,20000000
7,9cf86b75,3fd983f3e57
8,656,03600ffff00
8,29,00000000
8,634,07fff00000
8,500,00000000
8,505,042434342414141
8,501,10000000
8,119,000351096
8,502,20000000
8,505,2424200000
8,503,3245450454545
8,2a,0265906dd98
8,e9,1fefefefdfefefe
8,7f5,0ff00000ff
8,750,ffffffffffffffff
8,501,10000000
8,29,00000000
8,640,003dc115056
8,2a,1100000c20
8,656,03500ffff00
8,29,00000000
8,e9,1fefefefdfefefd
8,7f5,0ff00000ff
8,505,042424242424342
8,501,10000000
8,119,000351096
8,640,003dc115055
8,505,2424200000
8,657,ffa37fffffff00
8,29,00000000
8,634,07fff00000
8,7f5,0ff00000ff
8,750,ffffffffffffffff
8,460,15556d4e1780
8,119,000351096
8,640,003dd115055
8,505,2424200000
8,657,ffa37fffffff00
8,29,00000000
8,634,07fff00000
8,500,00000000
8,505,042434242424141
8,501,10000000
3,11a,000
8,640,003dc115055
8,505,2424200000
8,2a,1100000c20
8,29,00000000
8,631,00010100010
8,7f5,0ff00000ff
8,636,ffffffff7fffffff
8,500,100000000
8,670,1d0000000
8,501,20000000
8,505,2424200000
8,641,01105c00046
8,29,00000000
8,630,01ffffdaf00
8,7f5,0ff00000ff
8,633,101f010000
8,500,100000000
8,648,00000000
8,501,20000000
8,750,ffffffffffffffff
8,641,01105c00046
8,29,00000000
8,659,ffffffff0000
8,750,ffffffffffffffff
8,633,101f010000
8,500,100000000
8,647,007fff7fff00
8,501,20000000
8,750,ffffffffffffffff
8,642,0007afec0f060
8,29,00000000
8,631,00010100010